24882
12426
8282
6183
4964
4126
3567
3160
2801
2526
2305
2108
1929
1805
1705
1603
1488
1415
1340
1273
1208
1142
1092
1034
985
949
917
888
867
839
812
786
746
720
698
683
666
654
633
619
606
588
579
571
556
549
536
518
508
491
479
469
462
452
447
441
435
430
419
413
406
398
388
383
376
368
362
350
346
342
336
330
327
323
320
318
314
313
310
307
301
298
294
290
289
288
285
278
276
274
271
270
266
263
260
256
255
254
249
245
244
239
235
233
232
232
230
228
226
223
220
215
211
210
209
207
204
203
203
200
197
195
194
192
190
189
187
184
183
183
182
177
177
176
175
172
171
171
169
169
167
166
164
163
163
159
159
157
156
156
156
156
154
151
150
147
147
146
145
144
144
144
144
143
143
143
143
143
143
143
142
140
139
137
137
136
135
135
135
134
133
133
129
129
128
128
128
128
126
126
124
124
124
124
123
122
121
120
120
120
120
120
119
117
116
116
115
115
113
113
113
113
113
113
110
108
106
105
104
104
104
103
103
103
103
103
103
103
102
102
101
98
98
98
98
97
97
97
97
97
96
95
95
95
95
94
93
93
93
93
93
91
90
90
90
90
88
88
88
87
87
87
87
87
87
86
86
86
85
85
85
85
85
85
85
85
85
85
85
85
85
85
85
84
84
84
84
84
84
84
84
84
84
82
82
82
82
81
81
79
79
79
79
79
79
78
76
76
76
75
75
74
74
74
74
74
74
74
74
74
73
73
72
72
72
72
72
72
72
72
72
72
72
72
71
71
71
71
70
70
70
70
70
70
70
70
70
70
70
70
70
69
69
69
69
69
69
68
68
67
67
67
67
67
67
67
66
66
66
66
66
66
66
66
66
66
66
66
66
66
66
66
66
66
66
66
66
66
66
66
66
66
66
66
66
66
66
66
65
65
65
64
64
64
64
64
64
64
63
63
62
62
62
62
62
62
62
62
62
62
62
62
62
62
62
62
62
61
61
61
61
61
61
61
61
60
60
60
60
60
60
60
60
60
60
59
59
59
59
58
58
58
57
57
57
57
57
56
56
56
56
56
56
56
55
55
55
55
55
55
55
55
55
55
55
55
55
55
55
55
55
55
55
55
55
54
54
54
54
54
54
54
54
54
54
54
53
52
52
52
52
52
52
52
52
52
52
52
52
52
52
52
52
52
52
52
52
52
52
52
51
51
51
51
51
51
51
51
51
51
51
51
51
51
50
50
50
50
50
49
49
49
49
48
48
48
48
48
48
48
48
48
48
48
48
48
48
48
48
48
48
48
48
48
48
48
48
47
47
47
47
47
47
47
47
47
47
47
47
47
47
46
46
46
46
46
46
46
46
46
46
46
46
46
46
46
46
46
46
46
46
46
46
46
46
46
46
46
46
46
46
46
46
46
46
46
46
46
46
46
46
46
46
46
46
46
46
46
46
46
46
46
46
46
46
46
46
45
45
45
45
45
45
45
45
45
45
45
45
45
45
45
45
45
45
45
45
45
45
45
45
45
45
45
45
44
44
44
44
44
44
44
44
44
44
44
44
44
44
43
43
43
43
43
43
43
43
43
43
43
42
42
42
42
42
42
42
42
42
42
42
42
42
42
42
42
42
42
41
41
41
40
39
39
39
39
39
39
39
39
39
38
38
38
38
38
38
38
38
38
37
37
37
37
37
37
37
37
37
37
37
37
36
36
35
35
35
35
35
35
35
35
35
35
35
35
35
35
35
35
35
35
35
35
35
35
35
35
35
35
35
35
35
35
35
35
35
35
35
35
35
35
35
35
35
35
34
34
34
34
34
34
34
34
34
34
34
34
34
34
34
33
33
33
33
33
33
33
33
33
33
33
33
33
33
33
33
33
33
33
33
33
33
33
33
33
33
33
33
33
33
33
33
33
33
33
33
33
33
33
33
33
33
33
33
33
33
33
33
33
33
33
33
33
33
33
33
33
33
33
33
33
33
33
33
33
33
33
33
33
33
33
33
33
33
33
32
32
32
31
31
31
31
31
31
31
31
31
31
31
31
31
31
31
31
31
31
31
31
31
30
30
30
30
30
30
30
30
30
30
28
28
28
27
27
27
27
27
27
27
27
27
27
27
27
27
27
27
27
27
26
26
26
26
26
26
26
26
26
26
26
26
26
26
26
26
26
26
26
26
26
26
26
26
26
26
26
26
26
26
26
25
24
24
24
24
24
24
24
24
24
24
24
24
24
24
24
24
24
24
24
24
24
24
24
24
24
24
24
24
24
24
24
24
24
24
24
24
24
0
