1117873
552157
370348
274390
219963
183087
154372
138650
124760
113559
103536
95432
86982
81772
74385
69885
66438
62186
59187
56534
55570
53622
50707
48201
47236
46499
43378
42239
40878
39476
38424
37374
36231
35398
33402
33605
32549
30999
29905
29245
28370
27528
26210
25849
25842
25331
25164
24586
24138
22997
23002
22573
21780
21860
21679
21772
21465
20363
20518
19874
19457
18738
18779
18487
18243
18059
17436
17503
17158
17197
17040
17323
17210
16787
16891
16625
16574
15727
14985
14685
14945
14383
15136
15311
14510
14494
14388
13701
13106
13017
12228
12979
12818
12589
12800
12280
12546
12504
12856
0
