299636
145429
96421
78188
63444
49701
47339
42460
37982
33360
33403
26436
27993
23591
26990
24712
23408
22086
20222
15591
16295
14781
15135
13649
12619
12521
12186
10776
10532
10016
8881
7977
8071
7762
7732
7070
6320
6074
5423
5158
4259
3786
4213
3479
3238
3780
3954
4021
4063
4350
3565
3676
3107
3583
3454
3349
3705
3340
2980
3646
3948
3816
3657
3368
3104
2949
3187
2851
2926
2397
2460
2715
2425
2325
2191
2305
1955
1777
1537
1660
1650
1543
1249
1355
1464
1615
1714
1800
2145
1833
2385
2132
1842
1584
1721
1527
1333
1195
1184
1143
1209
986
870
915
807
1043
899
930
780
696
783
586
645
643
824
752
648
628
617
608
665
624
673
691
848
680
651
656
721
640
515
389
302
294
269
293
238
232
186
228
310
435
328
271
307
285
305
251
220
164
167
244
245
188
160
152
162
279
491
508
505
497
459
484
499
403
352
321
352
440
554
752
760
750
784
539
399
441
398
373
377
319
283
324
421
415
295
352
402
370
427
407
332
310
283
262
332
336
307
328
298
160
184
284
267
226
173
175
173
147
137
145
175
157
161
147
190
141
128
123
101
105
140
117
184
207
209
199
252
239
193
228
242
401
372
370
339
253
237
193
221
221
186
183
114
73
58
36
61
70
28
37
43
40
21
44
87
99
100
94
52
66
71
98
130
133
105
84
106
81
136
123
108
103
87
84
92
120
116
143
130
115
111
111
60
49
39
32
18
13
9
19
14
10
8
17
14
13
7
1
1
3
6
5
4
15
6
3
18
9
3
6
9
21
33
30
36
34
51
33
11
20
16
12
2
3
4
12
9
17
14
20
10
6
8
7
2
1
2
5
4
1
3
8
1
7
2
4
7
1
1
3
7
4
1
5
4
7
9
3
3
1
6
11
12
10
11
6
13
3
1
3
4
3
3
4
5
9
18
7
4
8
8
10
15
26
25
22
32
27
28
26
26
22
27
38
25
11
10
22
8
6
7
7
18
24
18
22
8
1
3
2
14
8
2
2
5
8
1
2
9
16
7
18
40
39
40
24
42
40
58
33
30
16
21
22
25
30
30
31
41
49
66
75
90
102
103
126
167
199
151
167
171
165
177
146
152
123
112
151
171
184
216
255
307
321
263
226
221
245
240
232
215
178
161
152
174
249
220
237
205
143
134
160
172
166
162
172
136
173
157
152
183
209
188
188
147
100
62
71
73
73
55
72
72
83
129
115
161
169
209
240
226
259
265
336
427
368
358
338
400
357
387
374
385
409
408
378
385
397
399
368
362
431
414
340
285
306
374
351
350
364
372
379
426
356
423
483
486
430
329
342
401
417
473
444
403
383
341
302
328
338
299
310
302
305
328
346
390
412
370
394
432
403
423
378
357
280
338
262
271
266
268
317
329
314
361
396
451
437
408
451
330
308
304
308
292
242
251
240
249
240
268
235
236
204
167
164
143
168
201
159
179
178
195
160
223
323
420
415
320
346
331
267
293
330
380
411
401
390
380
356
336
369
358
322
333
334
404
434
482
430
369
396
370
405
371
298
277
273
230
284
337
322
313
251
184
215
178
232
258
238
240
222
226
260
329
294
276
208
155
131
85
91
46
35
79
98
125
112
122
148
143
105
94
106
73
92
73
64
72
78
92
68
42
66
121
132
126
185
190
173
200
227
229
235
249
297
254
192
148
126
156
169
148
143
139
134
199
196
194
170
193
218
257
257
211
163
222
275
247
223
186
154
127
159
104
119
118
145
142
98
110
72
72
57
78
48
54
58
64
36
39
21
25
24
22
13
9
9
6
6
5
7
17
17
10
2
6
2
2
3
2
6
2
3
5
10
40
16
6
1
2
6
13
8
5
7
7
8
27
38
86
60
50
64
78
34
26
18
28
25
11
1
7
8
12
12
30
11
11
3
7
19
15
20
21
39
27
7
1
5
23
54
41
24
18
5
6
9
28
24
35
26
59
118
138
139
63
72
52
25
20
35
9
54
36
21
26
26
46
47
46
37
55
87
46
13
10
4
6
2
1
9
9
5
4
14
3
12
18
41
70
100
93
92
35
15
27
35
38
99
185
106
72
188
196
257
306
233
186
89
53
82
69
73
113
121
110
167
261
276
263
348
475
403
321
290
361
450
335
317
289
344
387
445
370
229
235
412
507
463
390
274
346
520
678
389
354
365
363
319
318
380
348
224
437
419
660
648
597
608
685
745
790
903
1041
829
734
527
704
711
610
473
727
662
846
884
729
991
733
776
935
783
808
690
695
880
687
495
489
424
603
708
608
1052
891
1034
1224
776
739
558
545
503
288
162
264
263
34
123
115
150
487
1055
1047
1203
974
47
879
0
