24732308
12371595
8154826
6197882
4946692
4148502
3541406
3146880
2805218
2501902
2247546
2052275
1908724
1777384
1658188
1567850
1488872
1393276
1321327
1239403
1174076
1117807
1070686
1024361
984233
959797
929438
888073
849338
806416
792760
761650
743797
719427
700416
680480
659052
633843
625339
608099
595946
568537
558346
545467
539360
524767
504174
501374
497085
491185
474590
473367
467888
455772
446691
438415
431048
420575
417254
408829
396460
392953
389847
382975
376562
368042
365052
368485
364272
359316
349716
345907
342548
341634
338143
336743
331598
329180
321200
319442
317826
314859
310077
302555
300266
295189
292948
292149
286252
283870
278625
272429
267029
263273
259322
255478
253554
249634
245525
242532
241091
240182
236817
232811
231431
228872
226037
221149
219937
220374
220974
216522
211372
210122
208518
207740
206110
204676
204507
202867
200608
200835
200476
199621
198168
196133
195211
192880
191216
191539
193443
192331
190177
186531
186178
186242
184440
180828
180729
177830
178585
178527
175816
174937
171478
170714
171995
173508
173206
172797
172180
169644
168814
166954
163559
161932
161348
162213
159827
158878
160480
161229
158103
153898
153840
153635
152946
152057
151381
151954
152606
151767
151843
151852
149008
145267
143913
142562
140479
138718
137765
136938
135186
133715
133608
132604
131281
130433
131222
129459
130223
129455
129451
128791
129825
128601
127658
129765
130443
130437
131107
128531
127055
125610
124817
126117
127774
126803
127644
128639
127301
125354
123997
124242
123931
122756
121278
119763
119460
117712
115475
115052
115397
113025
112582
111380
109292
107957
107480
107268
106713
106720
107387
107597
105523
105640
104450
103100
104101
103626
103283
102715
102925
103765
102314
100904
100131
100270
101156
100144
99419
97494
95780
94958
95222
94395
95026
94447
94868
94613
94542
94045
94504
94668
95558
94389
92777
92645
93187
92386
91481
90793
90815
89292
88107
88860
88756
89246
89853
90804
90078
88818
90012
90606
89307
88139
87871
87194
87562
85931
85404
85241
84540
83520
82479
82613
81006
79719
79593
77148
77754
77523
77111
76457
75352
75191
75367
74626
74445
74981
74281
73793
73958
74296
74310
75073
74794
74476
73449
73050
73228
73845
73404
72766
72334
71586
70109
68989
68843
66887
65907
65740
65015
64794
65004
63610
63582
63115
62650
61395
60621
61057
59970
60599
60071
59666
59616
58909
58144
57895
58878
58553
57807
57603
56941
55344
55200
55253
55071
54866
54130
53665
53480
52708
52228
52546
52838
52853
52523
52410
52050
51626
51352
51635
51406
51130
51129
51216
51319
52100
52114
51894
53062
53465
52895
51710
50851
50315
49758
51357
50931
50709
50314
50553
51115
50091
49735
49900
49269
49484
49065
48543
48233
48755
48230
47968
47914
48005
48179
48531
48137
48361
48512
48032
47299
47556
48233
47388
47780
48075
47431
46990
47415
48349
47208
47619
47904
47557
47852
48037
47963
48170
47426
47749
48080
49086
48606
48688
48891
48849
48713
48459
48228
48468
48683
49171
48878
49481
50618
51583
52021
53212
54287
54753
53744
53357
53519
53854
53537
53020
53499
52494
52733
53516
54491
55018
55463
55767
56176
55969
55848
55946
55381
55034
54384
54246
53795
54128
55482
56721
56447
56249
56798
56124
56691
57480
57708
58689
57787
57955
58570
58528
58801
59031
58630
58507
57052
57260
57411
57403
57548
57677
57515
56498
57689
57737
58017
56735
57005
57891
56821
56069
55221
55567
55620
55938
55487
55517
54901
54857
55673
55455
56218
55725
55236
55157
55134
55234
55312
55835
55743
55876
56398
56372
57101
58158
58336
58146
58840
58836
59677
59067
58274
58475
58673
57893
57578
58346
59166
59510
58789
58640
58132
58978
59160
58764
58386
58834
58009
58338
57865
57429
57127
56812
56587
56090
56371
55000
53694
53059
52419
51744
52040
52122
52138
51869
52284
52235
52300
52603
52596
52199
51653
51212
51052
50688
50993
51066
51193
51327
50566
50326
49912
50118
50361
50341
50648
50677
51268
51793
51673
52141
52261
51723
50826
50624
50779
51329
51412
52561
52986
53191
54030
53737
53079
52077
51259
51430
50541
50233
49930
49777
49789
48861
48399
48987
49135
48692
48521
49164
48862
49276
49170
49779
49480
50372
50087
49701
48905
49749
48427
47241
46751
46871
45339
45799
45783
45915
45754
45265
44254
44712
44610
44348
43528
43794
43288
43214
43619
44012
44071
44137
44944
45619
46185
46189
46491
46771
47220
47148
47639
47903
47336
46872
46671
47134
46721
46649
46906
46350
46521
46402
46014
45867
45801
46877
46341
46820
46945
46384
46501
45663
45475
45208
44892
44830
44626
44013
42419
41741
41433
41158
41387
41089
40710
40414
39959
40321
39518
39670
39644
40244
41489
42420
42375
41448
40864
40057
40739
42149
42423
42448
43151
43619
43923
44978
45784
45520
46171
46357
46840
46671
46391
46771
46524
44789
44513
43613
43651
43855
43812
42444
41561
41606
40836
40893
40630
40597
40628
39754
40032
40028
40159
40949
40261
39819
40029
39801
39401
39231
39098
39472
39500
39765
40001
39405
38278
38650
37885
39267
40531
40041
39809
39638
39618
39662
39701
38498
37708
36942
37024
37833
37929
37999
38515
37802
37178
36941
36275
35892
35713
35687
35160
35641
36584
36025
35259
34570
34389
33764
33602
32957
33590
33836
35394
35541
36747
37234
37398
35496
35173
34227
33671
33052
33168
33264
32859
32415
32373
32874
33138
33389
33451
34401
34755
34489
33044
33725
34505
34507
34146
34310
35417
35323
35984
36411
36123
37144
38748
39227
39867
39026
38693
38794
38890
38453
39071
38589
39874
39991
40215
40797
40139
39396
39104
39113
38621
38380
38042
38307
38205
37140
37603
37580
36911
36321
36418
37082
36560
37150
36996
37025
37440
36791
37803
38559
39262
37979
38323
37797
37790
37780
36794
36967
37372
36934
35641
35211
36506
36797
35761
34734
34264
34069
34256
34175
33900
34120
36173
35734
36024
35533
35216
35604
36423
36424
36653
35409
35291
35725
33998
34028
31558
30225
30164
28750
29107
29041
28940
28454
30059
28620
27936
26922
26321
25576
25647
24082
24262
23479
23983
24052
24030
25424
26215
26357
29059
29909
28325
29709
31035
30273
29777
27175
26231
26783
27212
26926
28172
26757
28837
28354
28809
27164
28650
26944
25990
24397
25263
23951
24426
24095
26333
24206
21826
22742
23120
21355
22171
22254
21913
21749
20728
19227
17457
17379
19373
18509
19403
20855
23423
23046
23923
23543
21486
22065
23103
27276
27689
28250
21717
24818
19829
19380
22324
29061
30171
26388
20341
0
