1443228
714103
482281
369321
300528
255765
228885
196928
185012
162261
150664
141527
124362
112417
102239
96419
91493
86683
75247
74851
72279
64863
63463
59854
56903
55958
52852
51066
47485
45861
46282
45272
40648
42742
41490
39587
39706
37548
37383
38691
37544
39296
37948
36593
33728
33834
33790
31698
31552
32246
30699
29989
28595
27778
27153
26915
25623
25737
26084
24753
23361
22919
23302
21916
21049
21615
20424
18981
20085
20184
20044
20543
19345
18513
19487
20159
20413
20474
19981
19649
20530
20226
20881
21450
21301
21199
20366
19329
19657
19210
19428
19378
19539
18506
18966
18591
18026
17918
16948
17182
18170
17659
16443
16979
16653
16178
15838
15068
14677
14318
14233
14587
13987
13811
13046
12730
12909
12897
13067
12784
12559
12608
12387
12934
12227
11784
11628
12348
11903
12408
12001
11793
11765
11704
11290
10785
9919
9782
9901
9641
9693
9455
8949
9316
9678
9793
9462
9724
9867
9300
8543
8071
7701
7396
7282
7218
7650
7608
7270
7384
7126
6955
7077
7204
7390
7459
7388
7343
7049
7604
7488
7154
6621
6290
6060
5696
5779
5519
5194
5478
5441
5367
4857
5137
5269
5118
4842
4791
4428
4109
4088
4402
4526
4629
4572
4784
4865
4818
5233
5047
4887
4876
4983
4849
4956
4962
5221
5437
5239
5384
5155
4793
4918
4953
4974
4812
4577
3862
3865
4195
4289
4392
4243
4514
4939
5056
5171
4636
4529
4525
4286
3963
4037
4220
4329
4365
4398
4539
4191
4509
4421
4526
4491
4272
4099
3956
4070
4219
3975
3991
3921
3853
3943
3898
3990
4317
4555
4540
4334
4172
4066
4292
4222
4034
4030
3991
4022
3835
3585
3187
3076
3060
3205
2904
3171
3264
3395
3469
3508
3430
3435
3691
3769
3873
3741
3902
3855
3729
3942
3948
3817
3498
3489
3415
3361
3385
3132
3090
3083
3019
2889
2725
2733
2713
2664
2698
2487
2253
2299
2355
2309
2198
2302
2239
2330
2601
2477
2679
2691
2644
2490
2318
2154
2141
2428
2461
2302
2435
2227
2222
2046
2060
1913
1770
1924
1813
1852
1901
1986
1894
1765
1704
1696
1785
1715
1880
1868
1943
2026
1998
2052
2029
2045
2012
1904
1656
1613
1398
1452
1435
1743
1875
1925
1831
1817
1970
1845
1838
1924
1905
1837
1739
1697
1623
1742
1696
1619
1501
1359
1310
1302
1421
1420
1436
1472
1550
1352
1320
1471
1491
1378
1313
1269
1246
1252
1203
1123
1222
1334
1326
1375
1452
1486
1438
1513
1556
1632
1651
1829
1719
1590
1523
1453
1438
1388
1391
1502
1483
1424
1399
1535
1510
1432
1372
1501
1555
1494
1495
1496
1611
1688
1738
1723
1585
1562
1633
1619
1660
1692
1620
1611
1617
1535
1640
1630
1636
1555
1598
1722
1800
1800
1952
2015
2019
2151
1979
1975
1963
2052
2126
1912
1878
1997
1998
1916
1807
1785
1806
1860
1887
1814
1821
1770
1792
1766
1745
1956
2078
2111
1935
1932
1952
1872
1945
1829
1901
2017
2177
2076
1968
2102
2125
2076
2161
2160
2090
2080
2140
2077
2079
2243
2363
2318
2252
2325
2260
2109
1996
2089
2103
2129
2030
2105
1980
1900
1946
1998
2037
2040
2113
2164
2199
2042
2032
1921
1825
1815
1843
1934
2059
2077
2099
2198
2298
2162
2222
2192
2214
2259
2412
2403
2353
2248
2208
2051
2262
2443
2539
2242
2139
2053
2027
2101
2103
2053
2176
2241
2274
2358
2402
2162
2189
2058
2019
1989
1947
1941
1889
1913
1787
1679
1748
1799
1813
1823
1988
2105
2059
2213
2212
2205
2290
2369
2265
2166
1941
1957
1998
1878
1874
1880
2008
1897
1791
1588
1533
1403
1490
1528
1475
1514
1560
1631
1638
1650
1672
1472
1295
1170
1214
1141
1092
1038
916
938
883
963
1025
988
967
918
940
889
970
995
969
1023
1101
1043
1030
940
928
1032
1024
1087
1101
929
1004
1076
995
1015
1072
1224
1175
1121
1309
1507
1590
1565
1588
1526
1545
1568
1794
1838
1989
2076
2004
1817
1801
1778
1817
1761
1752
1685
1639
1692
1869
2013
2084
1991
1978
1884
1886
1973
1865
1950
1845
1924
2080
2092
1978
2183
2358
2163
2115
2037
1953
2080
2063
1926
2021
1955
1965
2107
1963
1868
1844
1865
2077
2063
2012
1903
1905
1772
1761
1725
1676
1729
1956
1950
1912
1860
1932
2043
2078
2009
1981
1795
1708
1771
1845
1900
1740
1721
1960
1833
1812
1865
2064
2252
2149
2082
2042
1990
1820
1807
2074
2050
2283
2390
2604
2476
2590
2547
2565
2396
2335
2599
2580
2788
2764
2439
2585
2543
2465
2602
2489
2648
2298
2195
2274
2340
2229
2127
2101
2166
2134
2121
2288
2522
2340
2111
2029
1950
2267
2326
2282
2386
2371
2576
2470
2276
2444
2461
2400
2414
2284
2363
2417
2371
2260
2440
2426
2321
2367
2259
2311
2368
2615
2944
3257
3158
3151
3211
3495
3283
3132
3357
3467
3261
3117
2906
2880
2972
3048
2983
3201
3080
3241
3203
3003
2843
2951
3008
3231
3349
3433
3444
3394
3156
3048
3152
2933
2964
2945
2995
2698
2613
2289
2490
2434
2528
2370
2207
2089
2318
2477
2289
2400
2638
2424
2358
2324
2325
2439
2337
2350
2320
2433
2402
2514
2685
2896
2979
2987
2910
2794
2986
3047
3489
3398
3224
3293
3214
3238
3217
2667
2917
2755
2644
2712
2582
2349
2396
2905
2720
2940
2568
2574
2422
2633
2802
2966
2731
2986
3049
3292
3003
2886
2202
2422
2456
2390
2214
2438
2406
2454
2254
2307
2504
2531
2462
3131
3185
3043
3364
2892
2669
2884
3188
2859
2839
2992
3173
2399
2173
2320
3015
2964
2997
2495
2579
2610
2530
3020
3278
3098
2819
3094
3565
3625
4272
4430
4772
4030
4060
3743
3391
3203
3540
3433
3910
3255
3683
3072
3341
3228
3823
3778
4105
3804
3431
2886
2778
2571
2977
2011
1902
1381
1797
1881
1627
1335
1825
1885
1670
1111
647
675
534
911
973
2000
2443
2561
1872
2482
2279
2842
2280
5417
5521
4963
5510
3624
5351
4950
3146
0
