13220
6610
4445
3359
2740
2315
1993
1788
1615
1456
1314
1220
1135
1055
988
924
879
825
795
756
731
701
664
637
612
592
571
546
528
514
506
484
469
452
444
435
421
412
402
392
387
381
369
363
354
346
340
335
332
326
316
309
307
302
298
292
286
281
276
271
267
263
260
259
256
255
251
247
246
244
242
239
234
231
230
225
225
224
222
220
220
218
217
217
214
209
209
208
207
205
204
204
203
202
200
198
198
192
192
192
187
184
184
184
183
182
181
178
177
176
176
176
176
176
176
175
172
172
170
170
169
168
168
167
166
166
166
164
163
161
161
159
158
158
157
157
157
156
156
156
156
156
154
153
153
153
153
153
152
151
151
150
149
149
148
148
146
145
145
143
143
143
143
143
141
140
139
139
138
137
137
137
137
137
137
137
137
137
137
137
137
137
137
137
137
137
136
135
135
134
134
134
134
133
133
133
132
132
132
132
132
132
132
132
131
130
129
128
127
127
126
126
125
125
124
124
123
123
123
122
122
122
122
121
121
120
119
119
119
118
118
117
117
117
116
116
116
116
113
113
112
112
112
112
112
112
112
112
111
110
110
110
110
110
110
109
108
107
107
107
107
107
107
107
107
107
107
107
107
106
106
106
106
106
106
106
105
104
104
104
102
102
102
101
101
101
101
101
101
101
101
101
101
101
101
101
101
100
99
98
98
98
98
98
97
97
97
96
96
96
96
96
96
95
94
94
94
94
94
93
93
93
93
93
93
93
93
93
93
93
93
93
93
91
90
90
90
90
89
89
89
89
89
88
87
87
87
87
87
87
86
86
85
85
85
84
84
84
83
82
82
82
82
82
80
80
80
80
80
79
79
79
79
79
79
79
79
79
79
79
79
78
78
78
78
78
78
78
78
78
78
78
78
78
77
77
77
77
77
77
77
77
77
77
76
76
76
76
76
76
76
76
76
76
76
76
76
75
75
75
75
75
75
75
73
73
73
73
73
73
73
73
73
73
73
73
73
73
73
73
73
73
73
73
73
73
73
73
73
73
73
73
73
73
72
72
71
70
69
69
69
69
68
68
68
68
68
68
68
68
68
67
67
66
66
66
66
66
66
66
66
66
66
66
66
65
65
65
65
65
65
65
65
65
65
65
65
65
65
65
65
65
65
65
64
63
63
63
63
63
63
63
63
63
63
63
63
63
62
61
61
61
61
61
60
59
59
58
58
58
58
58
58
58
58
58
58
58
58
58
57
57
57
57
55
55
55
55
55
55
55
55
55
55
55
55
55
55
55
55
55
55
55
55
55
55
55
55
54
54
54
54
54
54
54
54
54
54
53
53
53
53
53
53
53
53
53
53
53
53
53
53
53
53
53
53
53
53
53
53
52
52
52
52
52
52
52
52
52
52
52
52
52
52
52
52
52
52
52
52
52
52
52
52
52
52
52
52
52
51
51
51
51
51
51
51
51
51
51
51
51
51
51
51
51
51
51
51
51
51
51
51
51
51
51
51
51
51
51
51
51
51
51
51
51
51
51
51
51
51
51
51
51
51
51
51
51
51
51
51
51
51
50
50
50
50
50
50
50
50
50
50
50
50
50
50
50
50
49
49
49
49
49
49
49
49
49
49
49
49
49
49
49
49
49
49
49
49
49
48
48
48
48
48
48
48
48
48
48
48
48
48
48
48
47
47
47
47
47
47
47
47
47
47
47
47
47
47
47
47
47
47
47
47
46
44
44
44
44
44
44
44
44
44
44
44
44
44
44
44
44
44
44
44
44
44
44
44
44
44
44
44
44
44
44
44
44
44
44
44
44
44
44
44
44
44
44
44
44
44
44
44
44
44
44
44
44
44
44
44
44
44
44
43
43
43
43
43
43
43
43
43
43
43
43
43
43
43
43
43
43
43
43
43
43
43
43
43
43
43
43
43
43
43
43
42
42
42
42
42
42
42
42
42
42
42
42
42
42
42
42
42
42
42
42
42
42
42
42
42
42
42
42
42
42
42
42
42
41
41
41
41
41
41
41
41
41
41
41
41
41
41
41
41
41
41
40
40
40
40
40
40
40
40
40
40
39
39
39
38
37
37
37
37
37
37
37
37
37
37
37
37
37
37
37
36
36
36
35
34
34
34
34
34
34
34
34
34
34
33
33
33
33
33
33
33
33
33
33
33
33
33
33
33
32
32
32
32
32
32
32
32
32
32
32
32
32
32
32
32
32
32
32
32
32
32
32
32
32
32
31
31
31
30
30
30
30
30
30
30
30
30
30
30
30
30
30
30
30
0
