-10.9105
-2.62417
2.53766
-1.02607
2.34664
-0.489251
-0.226585
0.0963297
-0.143698
0.471284
0.291332
0.148966
0.641995
-0.825655
-0.607262
0.549091
-0.0811884
-0.623792
0.472963
-0.0438145
-0.659442
-0.0497204
-0.381692
-0.35685
0.294089
-0.568273
-0.265017
-0.51128
-0.596947
-0.211071
-0.562119
-0.087131
-0.723924
0.475134
0.152192
-0.0828781
-0.143125
0.0256538
0.00399241
0.110371
-0.180855
0.198952
-0.0308581
-0.312615
0.106793
-0.0572276
-0.0375694
-0.0591198
-0.00229182
0.207684
-0.242524
0.0991986
0.495115
-0.148659
0.0937598
-0.208768
-0.0210016
-0.252011
0.257521
0.261709
0.239055
-0.274886
0.380374
0.0959281
0.000240084
0.550758
0.41858
-0.228284
0.381274
0.203114
-0.0453505
0.374712
0.196764
0.0364376
0.242906
0.228538
-0.463242
0.694782
-0.203133
0.259683
0.386792
0.30754
-0.51572
-0.41948
0.196267
-0.137051
-0.569497
0.362151
0.736658
-0.764602
0.406574
0.679902
-0.159615
0.81013
0.29881
1.1166
1.46523
1.54648
11.6768
0
