-0.55047
0.530252
0.00413855
0.467638
-0.224536
0.466148
-0.144562
0.10972
-0.0427327
0.0321201
0.00271071
-0.062493
0.0967484
0.132849
0.034276
0.0129405
0.066688
0.0919351
-0.248021
-0.140927
0.0547953
0.0820268
0.19388
0.157451
0.116675
0.0268269
0.170898
-0.0021382
0.0617298
-0.0192378
-0.0301457
0.0700089
-0.0616738
-0.00180305
0.110474
-0.0324327
-0.0901959
-0.0668002
-0.0507961
-0.0732114
-0.0348242
0.0344034
-0.0266038
-0.0549565
0
0
0
0
0
0
0
0
0
-0.0433412
0
0
-0.0310641
0
0
0
0
0
0
0
0.0883754
0
0
0
0
0
0
0
0
0
0
0
0
0.0604791
0
0
0
0
0
0
0
0
0
-0.0297696
0
0
0.0228464
0.0426149
0.038318
0
0
-0.00259865
0
0
-0.0467591
-0.0170365
0
0
-0.0560691
0
-0.0195073
5.12218e-05
0
-0.0459522
0
-0.0613517
0
0
0
0
0
0
0
0
0
0.142218
0
0
0
0.0479499
0.0315612
-0.0222563
-0.0099431
0
-0.0728071
0.0248569
0
-0.0100113
0
0.0216278
0
0.00016016
0
0.0452134
0.0231876
0
0
0
0
0
-0.00614003
0
-0.0244695
0
0
0
-0.0444717
0
0
0
0
0.0695742
0
0
0
0
0
0.036615
0
0.0646193
0
0
0
0
0
0
0
0
0
0
0
0
0
0
0
0
0
0
0
0
0
0
0
0
0
0
0
0
0
0
0
0.02443
0
0
0
0
0
0
0
0
0
0
0
0
0
-0.0193711
0
0
0
0
0
0
0
0
0
0
0
0
0
0
0
0
0
0
0
0
0
0
0
0
0
-0.053116
0.0496809
0
0
0
0
0
0
0
0
0
0
0
0.0145875
0
0
-0.016141
-0.00302986
0
0
0.00260165
0
0
0
0
0
0
0
0
0
0
0
0
0
0
0
0
0
0
0
0
0
0
0
0.0203374
0
0
0
0
0
0
0
0
0
0
0
0
0
-0.0208018
0
0
-0.0301943
-0.0027629
0
0
0
0
-0.0193954
0
0
0
0
0
0
-0.0658362
-0.0662972
0
0
0
0
0.0173686
0.0273023
-0.0407485
0
0
0
0
0.0061166
0
0
0
0
-0.0161185
0.0757328
0
0
0
0
0
0
0
0
0
0
0
0
0.0710035
0
0
0
0
0
0.0562243
0
0
0
0
0
0
0
0
0
0.0370435
0
0
0
0
0
0
0
0
0
0
0
0
0
0
0
0
0
0
0
0
0
0
0
0
0
0
0
0
0
0
0
0
0
0
0
0
0
0
0
0
0
0
0
0
0
0
0
0
0
0
0.00397603
0
0
0
0
0
0
0
0
0
0
0
0
0
0
0
0
0
0
0
0
-0.0249164
0
0
0
0
0
0
0
0
0
-0.0155935
0
0
0
0
0
0
0
0
0
0.021311
-0.000339009
0
0
0
0
0
0
0
0
0
0
0
0
0
0
0
0
0.0568776
0
0.0726623
-0.0454657
0
0
0
-0.0182978
0
0.053738
0
0
0.0408437
0
-0.0319394
-0.0645055
0
0
0
0.0699582
0
0
0
0
0.0114636
0.00589802
-0.00231024
0.0174594
0
0
-0.00712718
-0.0246641
0.0308657
-0.00782425
0
0
0
0
0
0
0.03114
0
0
0
0
0
0.000710032
0
-0.0703477
0
0
0
0
0
0
0
0
0
-0.0531345
-0.000654722
0
0
0
0
-0.0104539
-0.0230502
0
0
0
0
0
0
-0.0431479
-0.0569212
0
0
0
0
0
0
0
0
0
0
0
0
-0.0327047
0
0.0115396
-0.010797
0
0
0
0
0
0
0
-0.0153935
0
-0.00740845
0
0
0
0
0
0.0367371
0
0
0
0
0
0.0621254
0
0
0.00473804
0
-0.0125947
0.046383
0.0361473
-0.00747659
0
0
0
-0.00285466
0
0
-0.0206609
0
0
0
0
0
0
0
0
0
0
0.00194212
0
0.0146048
0
0
0
0.0141483
-0.0120444
0.0859235
0
-0.00461882
0
-0.00656446
0.0293919
-0.00845421
0
0.00268928
-0.00179445
0
0.0106262
0.0359187
0
0
0.0211921
0
0
0.0353868
0.00309222
0
-0.0120824
-0.0674067
-0.0192973
0
0
-0.0154059
0
-0.0462442
0
0
0.0154537
0
0
-0.0163272
0.0239946
0
0
0.0370111
-0.00808391
0
0.00657169
0
0
-0.0304086
0
0.0407529
-0.017431
0
0.0161033
-0.0136252
0
0
0
0.00882345
0
-0.0201297
0.0188465
0
0
0
0
-0.0171829
0.0243921
0
0
-0.0362418
-0.0332217
0.0879231
-0.0390368
0
0.00834704
0
0
0
0
0.0552659
0
0.0349385
0
0
0
0
0
0
0
0.0739481
0
0.0465953
0
0
0
0
0.0173207
0
0
0
0.0538958
0
0
0
0
-0.0627092
0
0
0
0
0
0
0
0
0
0
0
0
0
0
0
0.00246068
0
0
0
0
0
0
0
0
0
0
0
0
0
0
-0.0306468
0
0
0
0.0261972
0.0102571
0
0
0
0
0
0
0
0
0
0
0
0
0
0
-0.0444237
0
0
0
0
0
0
0
0
0
0
0
0
0
0
0
0
0
0
0
0
0
0
0
0
0
0
-0.0146476
0
0
0
0
0
0
0
0
0
-0.0359463
0
0
0
0
0
0.0170304
0
0
0
0
0
0
0
0
0
0
0
0
0
0
0
0
0
0
0
0
0.0555641
0
0
0
0
0
0
0
0
0
0
0
0
0
0
0
0
0
0
0
0
0
0
0
0
0
0
0
0
0
0
0
0
0
0
0
0
0
0
0
0
0
0
0
0
0
0
0
0
0
0
0
0
0
0
0
0
0
0
0
0
0
0
0
0
0
0
0
0
0
0
0
0
0
0
0
0
0
0
0
0
0
0
0
0
0
0
0
0
0
0
0
0
0
0
0
0
0
0
0
0
0
0
0
0
0
0
0
0
0
0
0
0
0
0
0
0
0
0
0
0
0
0
0
0
0
0
0
0
0
0
0
0
0
0
0
0
0
0
0
0
0
0
0
0
0
0
0
0
0
0
0
0
0
0
0
0
0
0
0
0
0
0
0
0
0
0
0
0
0
0
