-23.2679
-8.1535
-1.73567
-2.49362
-0.0675206
1.62036
1.06379
2.78793
1.57116
-0.555264
-0.0865176
0.719961
1.91058
1.37863
0.159143
-0.242472
-0.831208
-0.606672
0.629534
0.0407775
-0.125846
-0.0051837
0.574665
-0.480304
0.337032
0.158276
-0.0866565
-0.0253199
0.446485
0.28373
-0.563807
0.373641
-0.182836
0.10209
-0.00702065
-0.0723436
-0.263744
0.231754
-0.35841
-0.0172682
-0.114032
-0.138379
0.262945
0.253613
0.0320337
-0.0679806
0.0454031
0.306794
-0.151518
0.0478799
0.188642
-0.243196
-0.0416045
-0.254778
-0.158711
0.0953073
0.28053
-0.0761191
-0.212849
0.0736023
-0.0657683
0.0909763
0.385191
-0.0158472
-0.0503046
-0.065003
0.268126
-0.154116
0.104394
0.0100387
-0.0287336
-0.197391
-0.0863204
-0.0441797
0.204152
0.131205
0.143913
0.00576413
-0.0296886
-0.00387793
-0.108895
0.138109
-0.0852855
-0.244756
-0.0175949
-0.243701
-0.152699
0.0428305
0.05718
0.0741484
0.044827
-0.0403285
0.0644931
0.0433656
0.0567937
0.0933407
-0.0225401
0.0185637
-0.0910382
0.0536227
0.0341594
-0.08385
0.174614
-0.0677754
0.0266605
0.039733
0.117426
-0.046822
-0.016582
-0.0486941
-0.112487
-0.0935417
0.0386071
-0.0542348
0.14148
-0.0390987
-0.0595588
-0.0741324
-0.0347161
0.00915748
0.0550198
-0.0908367
-0.0970347
-0.0159781
0.17361
-0.0288615
-0.109184
0.0548168
0.064347
0.031969
-0.00195729
-0.0157585
-0.0762357
0.00234006
-0.0425994
-0.0455958
0.0720304
0.02239
-0.003173
0.0121722
-0.0118252
0.0897063
-0.0686404
-0.0508182
-0.0128489
0.119841
-0.00111464
0.10607
-0.0191933
0.0383101
-0.0855547
-0.196426
-0.0272514
-0.11869
-0.0502356
0.078822
0.0655685
-0.0781308
-0.00573495
-0.0253195
-0.00427824
0.0650729
-0.136497
0.0600281
-0.065023
-0.00882635
0.0430184
-0.0194615
0.103233
0.102951
-0.0422813
-0.108739
-0.0073828
0.00291635
0.0788982
-0.0572116
-0.0488723
0.0626763
0.0936905
0.0808205
0.065517
0.0503655
-0.0211618
-0.0034787
-0.00142942
0.0027596
0.00216659
-0.00919091
-0.0225764
-0.0423024
0.0601369
0.0989623
-0.0422961
-0.0389465
0.0938276
0.0565147
-0.0448464
0.0540968
0.0623125
0.0124889
-0.148302
0.0321271
-0.0343123
-0.0504276
0.0511264
-0.00455652
-0.0525425
-0.0232012
0.107965
-0.0191995
0.0536237
-0.070994
0.00434221
-0.10712
0.0137827
-0.0794727
0.0211199
0.00905476
0.0392661
0.0345426
0.0517562
0.0681907
0.01172
-0.0479003
-0.0643157
0.0461012
0.0680932
-0.0227329
0.0953071
0.0300199
0.00140178
0.0261598
-0.017557
-0.07092
-0.0212803
-0.0386645
0.0563071
-0.0351718
-0.134255
-0.00208188
-0.0498954
0.0694432
-0.0233589
0.0224278
-0.0486576
-0.0322677
-0.0371802
-0.000970493
0.0487373
-0.00412321
-0.0315188
-0.065314
0.0672778
0.0571665
0.0911324
-0.0721758
0.0456984
0.00380228
-0.00544756
-0.0614911
0.0724391
-0.0833892
-0.00130778
-0.0108376
-0.00874293
0.0540242
0.0461374
-0.0257024
-0.0194509
0.0126193
0.0774896
-0.00844008
0.0404811
-0.0117893
0.0294542
0.0520748
-0.0518144
0.0290037
-0.00796854
0.0304492
0.0419392
-0.0378573
0.0516285
0.0741837
0.0424744
0.0758414
0.00349599
-0.0992664
-0.0109668
0.0245525
0.0276855
-0.0279888
-0.0614223
-0.00128892
-0.0587364
-0.0365142
-0.015032
0.0317498
0.0517311
0.019572
-0.0132825
-0.00635486
0.0295075
0.0508522
0.0422855
-0.0123774
0.0105704
-0.0515079
0.0239996
-0.00195066
-0.014725
0.0401758
-0.00750042
-0.0470617
0.00779334
0.0137835
0.0298179
-0.00761352
-0.084499
0.0116226
0.0628305
0.0553519
-0.0472266
-0.066513
-0.0257247
0.00971752
0.039623
0.0318571
-0.0164934
-0.0060785
-0.0299455
-0.00704098
0.0771887
0.0161913
-0.00853621
-0.0211065
0.0629677
-0.0156943
0.0126815
-0.044072
0.00649843
-0.0245694
0.0148101
0.0277839
-0.0141592
0.033826
-0.0113632
-0.0510312
0.00378527
-0.00747622
-0.00191988
-0.0663696
-0.0113045
0.0226972
-0.0177891
0.01553
-0.0049348
-0.0183368
0.000106899
0.000371927
-0.0153916
-0.0224737
-0.00490308
-0.0436617
0.0486979
0.0376175
0.0279124
0.0635789
-0.0382917
-0.0103443
-0.0267798
-0.0154847
-0.0275188
0.00894775
-0.014846
0.0190339
-0.030135
0.00313259
-0.00690065
0.0170064
-0.0449636
-0.0083665
-0.112283
-0.0287586
0.00971433
0.0530843
-0.0251165
-0.055459
0.0188728
0.00298701
0.0690054
-0.0113014
0.00404493
-0.020955
0.00511335
0.0198005
0.0403154
0.0431846
0.0347907
0.0156545
0.00770151
0.0250479
0.0174817
-0.0104297
0.0341795
0.000399847
0.00394984
-0.00599158
-0.00240033
-0.0384658
-0.0246154
-0.00221489
-0.0309869
-0.0443956
0.0227095
-0.027407
0.0133488
-0.0520613
0.02049
-0.0246446
-0.0718324
0.0774812
-0.00701345
0.0128406
-0.000239487
-0.00756629
-0.0199378
0.0159229
-0.0226457
-0.00777929
0.0389899
-0.0686093
-0.0353212
0.0315308
0.0486252
0.0815344
0.0729182
0.00787795
-0.0275969
-0.0160892
0.0135708
-0.0024302
-0.019201
-0.0272896
0.0198342
-0.014285
0.0350259
-0.012644
-0.0529557
0.0281997
0.0185842
-0.07846
-0.0352595
0.0566395
-0.0255863
-0.0870581
0.0233455
-0.049245
0.0207383
0.0176871
-0.026697
-0.0401229
0.0552795
0.0527714
0.00172005
-0.0217565
-0.0134772
-0.0174596
0.0146606
0.0338818
-0.0105043
0.0479813
-0.0158958
0.00258784
-0.0432359
-0.045098
-0.0161452
0.00106351
-0.0189604
-0.0419772
-0.055933
-0.0173101
-0.0286447
0.0268631
-0.00463497
-0.0287686
0.0142197
0.0569188
-0.0280639
0.0417653
-0.041631
0.0409828
-0.0213103
0.0202804
0.00173248
0.00159587
-0.0230632
-0.0183975
-0.0147266
0.000924233
-0.0303767
0.00160844
0.0123783
-0.0188832
-0.0378814
0.0429402
-0.0369595
0.0180206
0.0126981
0.042042
0.040113
0.100379
0.0240238
-0.0180861
-0.018956
0.0189513
-0.00714626
-0.0710502
0.0481486
0.00465045
0.0326319
0.0582153
0.0241059
-0.0175128
-0.0281266
-0.0064791
-0.00836242
-0.0739369
0.0117645
0.0401639
0.0247244
0.0635309
-0.0657959
-0.0120989
0.042356
-0.000837263
0.0428208
0.0194261
-0.0711783
0.0207771
0.0243155
-0.0657388
-0.0350003
0.0250563
0.0587046
-0.0557419
0.0360231
0.062765
0.00222891
-0.0312483
0.0314626
0.0318291
-0.000124107
0.0273058
0.0280625
0.0344199
0.0359056
-0.0242354
-0.0175558
0.0373554
-0.0125342
-0.00162051
0.00922173
-0.0169711
0.00873725
-0.0184107
0.0158957
0.00402171
0.0159992
-0.0226783
-0.0176325
-0.0216029
0.053248
0.017361
0.0265328
0.00870478
-0.0256856
0.0131838
-0.047132
-0.0505123
-0.0203734
-0.0396823
-0.0460122
-0.0474913
0.0454387
0.0156739
-0.0340384
-0.0496746
-0.0589401
0.0214016
-0.0284203
0.0469588
-0.0170017
0.0199446
0.0178277
0.00918712
-0.0225372
0.0454312
-0.0172898
0.00088741
-0.00502431
-0.0343807
-0.00205616
-0.0239297
0.0128949
0.0374272
0.0259489
0.0726545
-0.00876189
-0.0198759
-0.0352601
-0.0350157
0.039584
0.0197322
-0.000794541
0.0477993
0.00124902
-0.0159655
-0.0068951
0.0583103
-0.0859581
0.0970896
-0.0514312
-0.0184471
0.060513
0.0397557
-0.0921279
0.0303275
0.02772
0.0278582
-0.00277492
0.0248959
-0.0575871
0.00539364
-0.0168443
-0.00238471
0.0171567
0.0677868
-0.05555
-0.0141168
0.0670891
0.0267889
0.00647295
0.06831
-0.0583912
-0.0435639
-0.000459293
-0.0375838
-0.0213825
-0.00410399
-0.0198337
0.00717373
-0.0280655
-0.0750211
-0.0123475
0.0123345
-0.0103305
-0.0288842
0.00273754
-0.0233847
-0.0448026
-0.0254884
0.023524
-0.0919846
-0.00995725
-0.0781637
-0.0137636
-0.0463866
-0.0607961
0.0603387
-0.0115453
0.00946682
-0.0402679
0.0221875
0.037395
-0.0476115
-0.0259939
0.00469022
-0.0272314
0.0658229
-0.0089078
0.0012677
-0.0231843
0.0172907
0.0103432
-0.0268859
-0.0158346
0.0771572
-0.0239036
0.084569
-0.0107942
-0.0248341
-0.0166267
-0.031828
0.0543764
-0.0920096
-0.0185112
0.0365875
-0.0255163
-0.0660904
-0.0337268
-0.0557853
-0.0573799
0.0184818
-0.0537146
-0.0162941
-0.103927
-0.013904
0.0594481
-0.0168927
-0.0208315
0.0337844
-0.0247681
0.051393
0.0135495
-0.0843017
0.0678446
0.0173621
0.0157967
-0.0712037
-0.00159339
-0.0150684
-0.00247164
0.0108468
0.0397895
0.00179694
0.0228238
0.0386628
0.0710202
0.0346979
-0.0270843
0.0275607
-0.0157032
-0.045535
0.0105813
0.0385334
-0.0638199
-0.0531878
0.0263932
-0.04475
0.043676
0.0365384
0.0334993
0.0847181
0.00360283
0.0853989
-0.00623334
-0.0564549
-0.0814571
0.0243613
0.0679276
0.0262177
0.0434475
-0.0213574
-0.0211067
0.00428758
-0.0461602
0.00314896
-0.0105224
-0.071094
-0.0808892
-0.0288014
-0.0138938
-0.0482276
0.00865414
0.0643861
0.0121818
0.0126448
-0.0647241
0.0081326
-0.0754094
-0.0204974
0.0224539
-0.0857058
0.0370324
0.0457785
-0.0235068
0.00195791
-0.0105894
-0.0437226
-0.0937915
-0.0213013
0.0600798
-0.00970727
0.0244783
-0.0227841
0.0542655
0.0452187
-0.0316935
-0.0178145
0.0371915
-0.0340418
-0.0251575
-0.0392065
0.0483483
0.0707007
-0.02747
-0.0223931
-0.137604
-0.070894
-0.0493408
-0.017343
-0.00483067
0.0126032
-0.0332507
0.0427672
-0.118013
0.00150203
0.0411203
-0.0698166
0.0978404
-0.0599326
-0.0185897
-0.0281998
-0.0384754
-0.053736
-0.0224551
0.0211109
0.0198491
-0.00311334
0.0227716
-0.0888351
0.0338486
0.0481292
-0.065587
-0.0146146
-0.146192
0.021587
-0.0322692
0.0451255
-0.0412178
0.0478437
-0.0507852
-0.0152645
0.0264607
-0.0144904
-0.108288
-0.0495496
-0.0219484
0.0181671
-0.0873737
0.0221762
-0.136806
-0.102654
-0.0689945
-0.0758932
-0.0373853
0.00522733
-0.0221841
0.0705476
-0.0898201
-0.0941218
-0.00326851
0.0872093
0.0697469
-0.0112862
0.0851082
-0.107379
-0.0436697
0.0663679
-0.0192339
0.0506505
0.186875
-0.0872416
-0.0334915
0.0384634
0.0269242
0.00706688
-0.0190362
0.0304459
0.0844887
0.0162311
0.0568409
0.0236912
-0.22514
0.0452544
-0.118287
0.103813
-0.153437
0.00305055
-0.00813029
-0.308087
0.114172
0.0859405
-0.0412178
0.0523768
0.0570845
0.0131213
-0.0131704
-0.0856727
-0.12424
-0.0268906
-0.0763528
-0.0335413
0.0615086
-0.0863928
0.118073
0.138919
0.0745949
0.041114
0.108789
-0.0344623
-0.0827196
0.0423743
-0.00716955
0.0724742
-0.100685
-0.0729478
-0.0528302
0.116909
0.285454
-0.0212578
-0.0933953
-0.106014
-0.103532
0.0822501
-0.0364428
-0.165189
0.0205561
0.083476
-0.0644116
-0.0786634
0.0970632
0.0382101
0.0073272
-0.00374767
-0.0316246
0.234486
-0.0199664
0.113373
0.0590531
-0.278594
0.105932
0.138655
-0.215252
0.00169718
0.104786
-0.098641
-0.334483
-0.0599116
-0.084352
0.0373677
-0.103578
-0.111915
-0.348966
-0.155331
0.0722994
0.130834
-0.270598
-0.0326405
-0.031837
0.360582
0.380318
0.0983848
-0.1292
-0.00997234
-0.101574
0.509046
0.0169539
0.167843
-0.202431
0.262499
-0.0898836
-0.271005
0.350042
-0.107243
-0.118034
-0.465893
-0.074197
-0.604474
0.420805
-0.0664451
0.0670854
0.811037
0.201862
0.483531
-0.14942
0.72856
-0.194517
-0.721758
-0.0553737
0.254852
-1.30565
-0.372635
0.521265
0.491401
-0.515978
0.363027
-1.64885
-0.0560214
0.44423
0.645893
-1.16937
1.21544
0.586863
6.00598
1.90411
5.49927
24.4185
0
