0.957843
-73.6669
1.86042
62.0424
0.227102
-18.8834
-18.5328
-5.78529
-19.5505
13.9851
3.7693
4.0803
14.451
-16.5394
-3.67445
-1.01059
-0.943343
29.2605
-1.42068
-4.11344
-2.86624
-11.7595
3.3934
-0.410506
1.60254
5.74371
12.09
-5.35925
-3.09995
4.52832
-3.68158
-11.1553
2.07877
-5.72881
-12.942
-3.84929
-2.41233
2.8241
-1.46102
1.00615
1.48492
-12.2036
4.56796
7.40193
-11.1158
-9.41483
10.1596
0.507672
5.59128
3.83037
0.624442
3.77618
-2.08776
7.06651
3.76381
-2.01546
4.39977
-3.7555
-3.78753
2.24498
-3.63133
-1.93809
8.02268
-7.90082
0.270802
-9.38253
-7.81614
-1.06522
-4.54808
-1.17599
3.85478
-2.22431
0.363296
2.43139
-1.84128
-10.846
5.77262
6.19366
-0.199728
-2.65466
-5.26642
-1.16778
9.9041
2.75153
9.32859
5.67669
11.8958
-3.41984
-0.843893
5.27722
6.07627
-2.19257
-10.9952
0.617284
7.03136
-5.19962
4.02557
1.53471
-0.355534
-6.60128
-3.13614
2.58023
8.31209
3.52014
-7.04257
-1.78043
5.14303
-8.6918
4.0053
-0.886703
-6.90941
1.50558
10.5671
8.91016
1.49283
-3.78721
-0.217426
5.11651
-2.62775
-7.74858
1.92719
-2.27494
10.8204
3.41716
-4.99543
5.23493
-4.43199
3.35881
-0.492342
5.26296
1.79887
3.49089
9.022
-2.28953
-2.89812
-4.99407
-5.61823
0.151172
-1.12278
-7.12759
-3.0636
0.133038
0.344992
-2.014
0.162348
-0.469264
-5.31111
-2.11963
14.5127
-3.13452
-0.0255582
-2.90277
-4.92878
-3.64143
-2.16957
-4.61655
5.78512
2.02246
-0.0418688
-2.57767
7.58852
5.03568
-1.31389
5.50762
-6.67037
-4.89242
-3.78781
8.79615
6.03399
0.704012
-7.76656
-2.75285
-2.07254
2.55211
-1.43832
2.02225
-2.59139
0.127714
2.54551
2.76907
0.334079
0.990922
0.00504701
5.51136
-2.44608
-2.33669
-1.68128
2.25837
-1.88236
-1.04841
0.339228
-3.80962
0.691068
-1.13397
-4.5563
3.95832
-2.99384
2.99817
-3.01501
3.7991
2.68142
3.02029
1.55313
-1.24132
-2.82838
3.86693
-2.39306
2.39495
-5.09142
-7.42591
-1.61772
-2.43231
3.48984
-2.45957
1.1409
3.58067
1.88282
-0.0250001
1.17517
-6.00332
-3.95991
-2.63863
11.0681
6.00886
7.10553
3.48379
0.977782
-4.64925
2.90412
-7.53987
0.997661
-0.87247
-5.21821
-2.38519
2.9954
-5.45951
-3.33413
-1.39147
2.18546
-2.42097
0.592832
4.98861
3.71467
3.61319
0.864378
4.05373
-2.99199
1.91828
0.0391807
1.82507
-3.07647
7.12943
-5.44704
-1.88894
-4.99248
2.97031
1.40331
4.12012
3.40872
-3.4218
-1.79629
0.808782
-0.977953
-0.666116
-3.10891
0.561956
3.63314
0.293079
3.00701
1.58294
-0.604004
-0.301012
0.955315
-0.562119
0.514735
2.32603
-1.08848
-6.03879
1.67283
-1.60011
3.90687
-3.47802
2.49628
1.59532
-7.4286
5.50975
0.309853
-6.43586
0.72919
-0.296927
-0.405885
0.728686
1.55795
-7.90668
-2.82086
2.14478
-1.15999
0.864628
-2.71329
-1.38101
-0.100494
-2.30338
-1.2228
-4.31143
-3.1881
0.405419
1.08165
-4.15542
1.60166
-3.26104
-2.38029
0.102476
-3.22606
2.25519
2.14036
-0.809674
-2.11614
-0.932709
4.47408
1.92698
-3.98067
-0.25301
2.68307
2.82981
3.41093
0.91126
-2.67385
-1.56667
-1.72029
-3.07556
-0.793702
-4.34555
-0.254533
-0.236576
6.23056
5.20908
-2.78017
1.68809
-2.27382
0.160715
-1.45403
2.66695
0.227899
2.71511
1.29464
-6.27493
2.54296
-0.380345
-4.10374
-1.03302
1.99229
-3.56564
-2.73273
0.797833
2.34525
1.84753
3.34981
3.52185
-2.05165
-4.68292
2.51222
1.46701
-4.64316
-1.95967
-0.361946
-5.06445
-0.427965
-1.7126
2.01968
-0.0272944
1.56862
-5.93666
-1.63626
-2.61134
0.340529
-2.09716
2.11843
1.56145
6.35923
-0.985861
5.06818
0.56872
-3.82589
5.59203
-3.43531
2.21618
-3.6444
-1.23952
0.0162517
0.176858
3.24312
-5.46151
-3.54728
-4.59583
-1.86708
3.53591
-0.0917563
1.42441
3.43533
-2.92197
-4.49231
3.07122
-0.0915217
-7.0685
2.34327
0.111127
-1.00327
5.03954
5.21941
0.632876
0.730893
-0.691241
-2.97049
-2.92053
-5.94442
-5.83019
-2.28372
2.61176
-2.9231
1.07576
-3.86284
-1.63157
-0.228728
3.49365
-3.81615
1.26936
8.79293
-0.554648
-1.69711
-1.36999
-0.325525
1.27595
6.2358
0.132058
-0.260208
-0.301161
2.17138
2.55817
1.89396
3.92784
-0.193224
6.6883
-1.15499
7.42001
0.891059
-4.57299
0.315199
3.79083
-6.1339
0.330467
-1.20044
3.20949
-3.25289
-4.53969
3.66861
3.66034
0.415095
-5.68517
-2.56763
1.10071
0.302711
2.27708
2.74067
-4.08414
-1.57684
-3.19361
1.6189
5.64089
-2.0726
12.0155
1.21201
0.751884
2.38912
-0.144033
-2.11476
4.54642
-0.691793
-6.6392
6.22611
-2.05514
2.3674
0.986849
0.0921703
1.04524
-0.324874
-11.6193
-5.31746
-0.055317
-0.0697938
-7.33196
0.156014
1.15497
-6.82243
-5.08444
-4.75321
-0.292348
0.104645
0.982067
-5.17015
-1.5344
-1.71527
2.29523
0.186521
-6.95564
1.53044
8.96299
1.48572
4.41361
2.89838
-3.83714
-2.66172
-0.334564
-1.18044
5.1971
1.11494
1.33302
-1.7348
2.6431
-3.09632
-2.11125
1.96651
0.88005
-5.59671
1.20429
-3.87958
0.206923
1.30698
-0.659892
-5.61829
-1.83708
3.04299
-0.585564
2.25589
-1.39325
6.10113
0.646404
9.32952
-3.5064
2.27256
3.58471
3.54581
-2.08394
-0.274893
-0.21895
-5.57296
1.17752
4.81424
-1.10071
-0.735795
7.2832
-1.01226
0.38232
-2.18885
-0.704492
0.928758
-4.08158
0.544523
3.45465
3.56172
-6.59814
-0.821301
-3.44767
-2.87953
5.23417
1.37518
-0.627898
-1.43688
0.56665
-1.97504
2.36911
-3.99171
-3.01389
1.79402
-0.424742
-2.69207
-2.2792
3.53842
0.560956
0.573057
-4.58044
0.22547
2.51584
-4.18681
-1.35305
2.34653
1.18625
-4.32858
5.21261
2.33616
2.22594
-4.18788
-0.215744
0.23023
0.88956
3.4154
-2.2125
-3.51573
-1.92084
1.14485
-2.40756
-6.16701
5.94984
1.02634
3.49129
-5.39398
3.72423
0.288115
0.653915
0.861575
-8.29187
-4.48552
-2.95362
0.201716
5.79399
0.174321
-3.14538
7.74298
-1.46177
1.63685
-0.581423
2.63279
3.78398
1.20676
2.03894
-3.06571
0.513376
-3.39544
2.56069
-0.900112
3.20205
1.61864
1.39249
5.03087
-0.275215
2.87605
1.64559
0.385247
0.107908
-1.61639
-5.05952
-6.67261
0.451865
2.85772
1.09144
4.70735
2.38506
-4.54749
-3.56156
-2.90694
-4.79608
6.19603
-0.133848
1.37793
1.82135
0.65617
1.41924
3.78736
2.1368
5.03984
-0.0656975
5.30015
2.17778
2.94785
4.1152
0.77889
-3.07352
6.80172
-2.58125
-6.54806
-1.48447
-3.52521
1.21032
-0.539256
-3.93959
-0.107964
-0.156762
-2.05453
5.49641
-1.02823
1.34516
5.42817
4.84605
-2.60965
-0.331186
-2.46295
2.09355
1.82016
0.648856
-1.93442
7.66074
-0.781786
-1.39211
5.70453
4.89152
2.70189
0.469661
3.661
0.658983
8.92645
-1.65478
-1.20982
-5.12203
1.94876
-2.96926
0.689896
-0.845419
4.71186
5.07193
-2.80464
-8.86789
-2.65731
-0.17496
0.936925
2.8101
5.06312
-2.31371
3.43854
0.315638
-5.21662
2.43143
1.08121
1.47041
2.80435
-2.26976
5.44705
2.05779
-3.79228
-7.44583
-0.0457922
1.58246
1.83638
4.30916
-2.82428
-2.92057
1.77526
7.51197
-2.99737
-5.46261
0.996306
0.66487
1.67796
-4.24949
7.74901
-1.7558
-2.08398
4.33734
-0.805344
0.632555
-4.1017
1.01003
-4.18538
0.0231119
-0.0601858
3.42455
-5.56352
3.74263
-2.49375
5.38119
-0.914244
-8.12895
0.191248
1.42768
2.30912
5.08838
6.65345
-5.91468
1.69491
1.70173
2.96437
-4.08871
-0.443898
-0.487048
-4.67087
3.93981
0.260297
-4.92472
0.947762
-1.44332
-5.98144
3.83311
2.08072
-0.115404
-6.42532
-6.17356
-2.43948
2.16442
1.12419
-0.90077
3.03531
4.90649
-6.70202
3.22232
5.07754
-0.922778
-0.923364
1.95192
-2.72613
-0.756344
-0.255825
-0.9496
2.63479
-10.4536
-1.41607
2.15432
1.18202
4.14837
-1.81008
9.99082
-0.121145
-7.10852
0.112515
6.14918
-2.37487
6.25654
-3.05386
-9.03822
6.63123
2.6627
-5.16975
-9.47011
-1.43174
-5.60431
-8.37771
4.4336
-5.83663
2.55679
-3.07477
2.85259
-1.65355
0.571977
-4.26846
4.23416
4.64973
5.18173
-3.60279
-5.1088
1.1552
3.28045
2.3594
0.916605
-0.658093
9.90062
-0.80045
-7.94149
5.66885
-2.56759
3.53792
5.25382
5.5307
1.20675
10.6034
-4.06159
8.65618
-7.60373
4.95391
-0.234892
-2.44431
0.418746
-1.02903
4.99978
-1.70433
4.34655
-0.970793
-3.21816
-8.66479
-2.34232
-1.12921
1.13393
9.89947
4.81123
-6.10778
1.56531
-5.71909
0.779845
-5.2152
1.46384
-3.79775
-8.38528
-15.1413
-0.466583
-11.3444
-0.0413079
-5.49492
3.45731
-0.089073
-0.138691
-2.37192
-8.75034
13.8731
6.44001
-15.1
3.5497
-0.518827
5.56646
-7.99764
-1.07584
-5.31434
1.93725
-3.59521
1.70045
-14.7159
10.7884
2.94495
-14.6542
3.22956
-2.25492
3.56129
1.46952
10.9037
13.0321
-8.83365
-7.11494
-5.59685
6.67313
-12.2306
-0.355413
-5.98637
-3.96528
-3.49719
-14.3953
0.649901
-11.5184
0.988787
4.31213
-7.72319
-3.02733
0.0455883
-3.22351
1.11199
11.406
-2.93927
-2.25383
9.27883
-7.32668
0.874423
4.89252
4.35907
3.43516
-0.716671
4.92761
-4.16061
6.13892
5.44161
-1.79843
2.97922
-13.656
2.99518
-6.33631
-0.194373
-6.3977
4.99429
3.11682
4.36225
2.26092
-10.4509
15.8818
12.657
12.4768
5.31546
-3.04568
-4.6573
7.82065
-2.6192
-5.79202
-10.4397
-4.92517
2.91217
9.14305
14.0513
4.03834
6.18693
16.9702
0.352977
-12.6544
-3.35007
8.12275
7.03132
-9.51763
9.06776
0.780484
5.5459
-15.2086
9.72416
6.16087
17.9305
3.65291
-7.55592
-11.532
15.796
-7.3398
-17.1406
-5.54439
3.96496
-18.2761
-5.61149
1.0131
0.363944
4.64915
-5.76133
0
