-0.791156
1.11981
0.162947
-0.224373
-0.0752862
-0.157878
0.323801
-0.155235
-0.186745
0.127878
-0.658802
0.10687
0.26851
0.278654
0.385329
0.0369973
-0.167244
0.0258779
0.528277
0.0576243
0.215422
-0.0612943
-0.247443
-0.0622444
-0.19754
0.102114
-0.00153766
-0.0538925
-0.219415
0.111358
0.323951
-0.108532
0.121213
0.4202
0.347215
-0.405385
-0.0136333
-0.0373844
-0.0613899
0.0806133
-0.00917565
-0.0631546
0.0945089
0.0541933
-0.0073437
-0.143341
-0.0926133
-0.00967166
0.0834429
-0.291407
-0.0225034
0.0345523
0.0248703
0.26349
0.145336
-0.00210024
0.0930255
0.0471461
0.086072
0.127993
-0.10847
-0.0487252
-0.0981084
0.0991361
0.173911
-0.0277484
0.0418399
0.140378
0.000335134
0
0.129778
0
-0.143426
0.0385775
-0.0791056
0
-0.230047
-0.0991946
0.0177066
-0.075248
0
0.127809
0.00494294
0.00980851
-0.147299
0.0967817
0
0.0614638
0.104386
0.0877686
0.0733932
0.00091767
-0.162616
-0.0212551
-0.010284
0
0
-0.0378324
0.189659
0.0613928
0.12076
0
0
0
-0.0916723
0.00393504
-0.0472106
0
0
-0.0134847
-0.118147
0
0
0
0
-0.0776591
0
0
-0.100788
0.00685888
-0.153794
-0.0367149
0.016754
-0.0301632
0.00653615
0
0
-0.0127565
-0.0807792
0.0472328
0.0252761
0
0
0.0405828
0
0
0
0
0.0730519
0
0.013523
0
0
0.016722
0
0
0
0
0.0335502
0
0.0699901
0
0
0.0357551
0.00732708
0
0
-0.0318296
0.0891207
0.040862
0
0
0
0
-0.0165197
0
-0.0682423
0
0
0
0
-0.00262769
0.112613
-0.000951066
0.0109284
-0.162459
-0.00465546
0
0
0.063738
0
0
0.0246928
-0.0476558
0
0
0
0
0.00673375
0
0.0623558
0
0
0
0
0
0
0
0
0
0
0.106707
0.00989705
0.0018772
0
0
0
-0.0168488
0
0
0
0
0
0
-0.00557574
0
0.0311371
0
0
0
0
0
0
0
0
0
0
0.00649776
0.00821141
0
0
0
0.0219523
0
0
0.016068
0
0.00735815
0.000396722
0
0
0
0
0
0
0
0
0
0
0
0
0
0
0
0
0
0.0206989
0
0
0
0
0.0250068
0
0.0369818
0
0
0
0
0
0
0
0
0
0
0
0
0.0343966
0
0
0
0
0.0273656
0
0
0
0
0
0
0
0
0
0
0.0291076
0
0
0
0
0
0
0.0130561
0
0
0.0385858
0
0
0
0
0
0
0
-0.0722661
0
-0.0214488
-0.0148428
0
0
0.0782164
0
0
-0.0685455
0
0
0
0.0132001
0
0.0285314
0
0
0.0163389
0
0
0
0
0
-0.0183755
0
0
0
0
0
0
0
0
0
-0.0122816
-0.128171
0.0127765
0.029373
0
0
-0.0782313
0
0
0
0
0
0
0
0
0
0
0.0109602
0
0
0
0
0.00926189
0
-0.0377437
0
0
0.146295
-0.0085607
0
0.0998261
0.0929719
0
0.0100806
-0.0237734
0.0478008
-0.0148256
0.0468362
-0.0727984
0
0
0.122973
0.00043186
-0.0192016
0
0
-0.0785748
0.0268036
0
0
0
0
0.0531803
0.123872
0
0
0
0.0038203
0.0269766
0
0
0.0569449
0
0.0828433
-0.0328307
0
0
0
0
0
0
0.0587863
0.124722
0
-0.118185
0.040598
0
0
0
0
0
0.0104191
0
-0.0351629
-0.0630434
-0.00158997
0
0
0.0567232
-0.00233525
-0.0625614
0.0306548
0
0
0
0
0
0
0.0523703
0.00664307
0
0
-0.148267
0.0373254
0
0
-0.0279843
0
0.0300542
0
0
0
0.109967
0
-0.141047
-0.0177011
0.012246
0
0
0
0.00540565
0
0
-0.0628681
0.164149
-0.00298085
-0.012941
0.0502714
0
0
0.0909011
-0.0215684
0.0202242
0.122532
-0.0801208
-0.0716439
-0.10277
-0.0177433
-0.247253
0.0369208
-0.0143656
-0.0704251
0.115427
0
0.0707489
0
0.0291882
-0.032032
0.0278879
0
-0.158803
0.0672711
0.0691517
0
0.00470416
-0.0864964
0
-0.0711464
0.0355242
-0.0311719
0
-0.0311719
0
0.0075761
0
0
0
-0.121388
-0.0823651
0
-0.00393769
-0.0378033
0
0.0225351
-0.0657333
0.112195
0
0
-0.0519726
-0.0156536
0.00978633
0.266182
0
0.156192
0
0.00238028
0.00935314
0.0640416
-0.032784
0
0.215801
0
0
0.0544646
-0.0203414
0.11676
0
0
-0.129189
0
0.0216116
-0.00300776
-0.0711199
-0.0437238
0.115678
-0.0662235
0
0.0780524
-0.0973804
-0.125143
0.0223798
-0.191242
0.0842294
0
0.144098
0
0
0
0.0284393
0
-0.0517524
0
0.0174547
0
-0.0580721
0.0500069
0.00718761
0
0.18337
0
0.0740238
0
0.0155665
-0.0843759
-0.147542
0.00683495
0.0271548
-0.0152289
0.0844273
0
-0.0665205
0.060869
-0.0414592
-0.00963113
0.0329853
-0.0592201
0
-0.136058
0
-0.010551
-0.142114
0.132125
-0.0616867
0
0
0
0.0381983
0.171783
0
0
-0.0615266
-0.113259
-0.00748628
-0.112394
0.201128
0
0
0.124109
-0.0160024
0.137373
-0.0322315
0
0.0100951
0.0769151
-0.0542892
0.206347
-0.0296
-0.0705547
-0.0519581
0.0182775
0.126488
0
-0.207259
-0.0244206
0
0.113883
0.0639053
-0.118329
0.0990093
-0.218041
-0.0115264
-0.0718543
-0.231791
0.082032
0
0
0
0.0316842
0.14642
-0.0520633
0
-0.075982
-0.0453343
0.125514
-0.0865153
0
0.0513026
0.0576164
0
0.000424024
-0.0186194
-0.0888236
-0.0297678
0
0.0634562
-0.0796402
0.0257505
-0.0737857
0
0.20619
-0.0407683
-0.0689238
-0.101608
-0.060329
0.101917
0.16001
0
0
0
0.0884403
-0.0290302
-0.0845754
0.105596
-0.0240412
-0.205382
0
-0.0214744
0.0845478
-0.0664661
0
-0.0334615
0.0821952
0.117135
0.0630848
-0.011312
-0.15848
0
0.0584295
0
-0.102095
0.0385742
0.0541512
-0.0381143
-0.0362133
0
-0.0340136
-0.0630368
0.0142705
0.0637692
0
0.0455055
0.0307044
0.128696
-0.0734008
0
0
0
0
0
0.000610405
-0.0604254
0
0
0
0.00931748
0.0259676
0
-0.00262691
0
0.121376
0
0.0396032
0
0
-0.058899
0.104134
0.0128388
0.0294169
0.0166062
0.0185706
0.0411862
0.00388602
0
0
0.0651962
0.0942065
0
0.160856
0
0.0835753
0.0618359
0.0520352
-0.037271
0.012874
0.00685481
-0.000435631
-0.0250614
0
0.0565215
0.0318065
0.064471
0
-0.0553545
0
0.024889
0.00801993
0.198137
0.103965
0
0.0312136
-0.00226815
0
-0.172923
0.0453561
0.0130709
-0.0138505
0.174487
0.10065
0
0
-0.0109685
0
0.0571634
0.122451
-0.0774704
-0.142094
0
0
0.0215285
0.0269872
0.0215284
0
0
-0.0639734
0.0689918
0.116119
0
0
0
0.0160154
0
0.0822971
0
-0.215679
0.00105671
0.030133
0
0
0
-0.0042923
-0.0529234
0.054421
0
0
0.0859581
-0.0104004
-0.00637155
0
-0.0547548
-0.0663001
0
0
0.0490709
-0.0228862
-0.0602015
0.0249326
0.00682622
0.00640682
-0.0504325
0.0391641
-0.0691001
0
-0.0823231
0
0
0.0672912
-0.00123693
-0.0620477
-0.0375926
0.0245606
-0.0115662
0.0793856
-0.0343844
-0.0512599
0.0445876
-0.112859
0
-0.0139839
0.0502404
0
-0.0261648
0
-0.0267915
-0.107165
0.137857
0.0385132
0
0.0773689
0
0
-0.124987
0.0288327
-0.00776019
0
0.0762579
-0.00772535
0.0189173
0.0926867
0
0
0.115493
0.0564773
0.0207964
-0.0593811
0.057279
-1.38767e-05
0.104206
0.020283
-0.0291427
-0.0387127
-0.125809
0.0344687
0
0
0
0
0
-0.0473971
-0.0488285
-0.0788343
-0.0920713
0.0796244
-0.00140335
-0.0581563
0.047331
0.0330549
-0.13601
0
-0.0598056
0.0169302
-0.0504933
0.168821
0.00660442
-0.136623
0.105715
-0.00400389
0.039199
0.148601
0.132205
-0.0409241
0.0388313
-0.0661828
0.012522
0.115142
-0.0639857
-0.0744102
-0.0478016
0.0165383
-0.248844
-0.0136475
-0.0119314
0.0295197
0.104934
0.244183
-0.0134628
0.0720996
0.0514715
0.111605
-0.0672398
0.350529
0.0931192
0.187706
0.242398
0.14832
-0.440878
-0.176293
0.061782
0.0584697
0.274162
0.0249445
-0.00464582
-0.133939
-0.10101
0.0913043
0.0558432
0.075299
0.196929
0.192153
-0.0274368
-0.160921
0.0638386
-0.00307647
0.191414
0.222163
0.251378
0.0552394
-0.351072
0.235388
0.139104
0.160686
-0.0779961
0.105451
-0.0141169
-0.000982144
0.00214994
0.0603337
0.00755177
0.103537
0.0454677
-0.164878
0.244024
0.161301
-0.0187014
-0.0867479
-0.138216
0.27433
0.111516
-0.0323569
-0.231523
0.277725
-0.468529
0.0845656
0.028177
0.36389
-0.0228542
0.00130679
-0.0092835
0.172202
0.181024
0.138175
0.100761
-0.248623
-0.00982684
-0.15312
-0.375264
0.187336
-0.258099
0.0566377
-0.302213
-0.160187
-0.556367
0.0341503
0.0178989
1.10639
0.428966
0
