-4.10402
-2.09681
2.12076
-0.376873
3.35147
-2.22493
0.473114
1.36895
1.80203
0.575975
0.582389
0.707142
2.16522
2.58478
-0.301797
0.788185
1.63618
-0.695757
-1.64565
0.773454
3.29509
-0.115499
1.29157
1.33094
-1.17228
-0.153857
-1.74127
0.164897
1.88949
-0.148049
0.773239
1.56351
2.48412
0.771659
-1.96486
0.990384
0.289567
0.803292
2.36969
-0.67122
-0.915483
1.12511
0.459546
-0.0769696
1.10956
-1.15318
-0.575316
0.329851
0.272658
1.57127
0.897343
1.43351
-0.594261
0.407225
-1.04414
-0.0806134
0.597757
-0.856545
-0.825169
-0.462809
0.663839
-0.179917
0.902172
-0.40066
0.542053
0.218241
-0.696868
-0.0753874
0.485008
-0.21964
0.61249
0.393094
-0.0171311
-0.369094
-2.17183
-0.0268634
-0.798848
0.651727
0.980143
-1.93801
0.738473
0.550174
-0.725607
0.376242
1.0027
0.0525618
-0.086268
0.446055
0.594979
-1.06978
0.769774
0.391296
-0.637795
1.36213
1.2757
0.486753
-0.379743
0.293708
0.323851
-1.28155
-0.232654
-0.363669
2.16572
0.635459
1.80185
0.257763
-2.36291
-0.0300052
-0.729859
0.362028
-0.222739
0.919176
0.585617
0.764368
-0.246102
-0.946969
0.0612055
1.0912
-0.579478
0.588072
-1.13125
-0.728312
0.253628
0.735944
-0.907744
0.359614
-0.472869
0.497171
0.629882
-0.562369
-0.40933
-0.230034
0.279353
1.3016
-0.298799
-0.997816
0.949837
-0.254957
0.821933
0.8912
-0.902839
-0.261224
0.242332
0.233418
-0.433384
-0.362942
0.449164
0.484891
-0.822198
0.202763
-1.12927
1.12147
-0.0576352
0.187286
0.361924
-0.023547
0.618841
0.680393
-0.426876
0.515868
0.929869
-0.514647
0.399604
-0.263996
0.0061934
-0.117126
-0.452841
0.85043
-0.437485
0.350977
0.786345
0.225665
0.20067
-0.714332
1.1069
0.442731
-0.395624
-0.179192
-0.00671899
-0.145448
-0.438488
-0.182994
0.562221
-0.515227
0.0766364
0.941868
0.309974
0.0574925
0.0631113
0.506227
-0.0700466
-0.231038
-0.210066
-0.246484
-0.000833641
0.0384764
0.53026
-0.337417
-0.650415
0.285423
0.0191534
-0.146317
0.980506
0.54084
0.117245
0.513391
-0.381395
0.138713
0.174832
-0.498288
-0.19447
-0.147185
-0.0160358
-1.12805
-0.299476
1.06342
0.346481
-0.454771
0.442318
0.156232
-0.415326
-0.0198846
-0.589081
-0.168046
0.294275
0.486884
-0.192034
-0.355418
-0.380865
0.497333
0.0744191
0.682275
0.130616
0.403292
0.267924
-1.06354
-0.0852212
-0.0339252
0.368833
0.471808
0.209801
0.159061
0.586369
-0.166252
-0.163596
0.303827
0.562259
0.87726
1.27702
-0.0611112
0.926086
0.514699
0.724522
-0.502982
0.410649
-0.354448
0.182723
-0.344165
0.561054
0.325533
-0.722134
-0.140331
0.346843
-0.408247
0.0371704
-0.48645
-0.111031
-0.457517
0.0274727
-0.118416
-0.482093
-0.768121
-0.102177
0.531491
0.0569557
-0.806574
0.21431
0.538932
-0.367436
1.25348
0.844031
0.684
-0.129767
0.00870521
0.219791
0.862333
0.244981
-0.461334
1.02578
0.463821
-0.0825117
-0.545864
0.18609
0.570037
-0.136592
-0.19931
0.612807
0.119775
0.701411
-0.116236
0.970906
-0.0890106
0.135735
-0.649047
0.0630127
-0.473803
0.714436
0.07036
0.594095
0.304425
-0.249714
-0.31939
0.0206538
0.818989
0.696994
-0.167633
-0.583446
-0.382909
0.406072
0.827127
0.363596
0.891718
-0.224949
0.0343818
-0.470635
-0.48594
1.0746
0.371873
0.205234
-0.305057
0.285476
-0.0119494
0.12474
0.111432
-0.503059
-0.0139905
0.17568
-0.139705
1.02756
0.138127
-0.340265
-0.0263719
-0.0654919
0.4984
0.923779
-0.26127
0.0118172
-0.213558
-0.0621415
0.0265538
-0.304121
0.489033
-0.527842
0.715914
0.0915819
-0.115444
-0.179271
0.624391
-0.855414
-0.292024
-0.128527
0.306618
0.216074
-0.381436
0.0948244
-0.0715953
0.373492
0.17112
-0.082769
-0.236178
-0.456327
0.200144
0.0227634
-0.0585045
0.649753
-0.06615
0.338676
0.507108
-0.295951
-0.473367
-0.0451669
0.211504
-0.530703
0.383585
0.65127
0.247107
-0.143868
0.515689
0.195947
-0.108376
-0.0512883
0.154093
-0.774492
0.306553
-0.0392932
0.176786
0.665935
-0.0547807
1.16296
0.352067
-0.299754
0.0380022
-0.0559271
0.242492
0.0927154
0.515623
0.0217986
0.115565
0.00823947
-0.362482
-0.011035
0.018309
-0.343105
0.398254
0.556249
0.244602
-0.268113
0.747195
0.37754
0.382771
0.145926
-0.810721
-0.121168
0.231504
0.128787
-0.196041
-0.0586203
-0.0471619
-0.390156
-0.318702
0.672948
-0.170994
-0.29634
0.339853
-0.384856
0.17979
-0.559601
0.100817
-0.719426
0.606362
-0.143652
-0.0911222
0.287918
0.360851
0.237301
-0.365645
-0.0336796
-0.850368
-0.238414
0.0673285
0.265234
0.123042
-0.0597424
0.154192
-0.68723
0.177054
0.782592
0.421163
0.985769
0.233541
0.304083
0.760124
-0.453841
-0.732061
0.269374
0.108328
-0.552752
-0.284388
-0.387582
0.154586
0.251338
-0.146311
0.637101
0.0513288
0.0506669
-0.210451
0.000259883
-0.00345779
0.78932
0.206385
-0.0851844
0.695447
-0.333482
0.882151
-0.553746
0.440107
0.392681
0.00547812
-0.207809
0.0368512
-0.210931
-0.115759
0.314579
0.528614
0.11866
0.284802
-0.53483
0.460817
0.565502
0.152471
0.346766
-0.0857001
-0.074776
-0.276051
0.341508
-0.0740759
-0.178939
1.47138
-0.048571
0.664367
0.457938
0.400581
-0.100447
0.634044
0.00501207
-0.321893
-0.151359
0.411377
0.0735173
-0.294238
-0.166799
-0.771628
0.190399
-0.0778533
0.423216
-0.0809243
0.401125
0.813698
-0.479451
0.340738
0.758332
-0.754141
-0.32837
-0.748893
-0.0283588
0.239813
0.697369
-0.622278
1.12628
0.172692
0.180943
0.270245
0.72057
0.0110595
0.389907
0.0221181
0.43486
0.00745557
0.345999
-0.233121
-0.527152
0.0609642
-0.866296
-0.223019
-0.665289
0.753744
0.292491
0.566091
-0.0326104
0.581854
-0.692887
0.227585
0.485603
0.136376
0.316051
0.432002
0.275555
0.391838
-0.306874
0.167601
-0.0840963
0.608334
-0.679543
0.323877
0.241686
-0.574235
-0.252788
0.122314
0.372782
-0.478533
0.129815
0.512542
0.528554
0.485902
0.01702
0.347422
0.977275
0.0282547
0.129516
0.476032
-0.261422
0.180884
-0.597264
-0.256273
0.105807
-0.624574
-0.375273
-0.56005
0.100842
-0.150947
0.143007
-0.0701078
0.246354
0.981738
-0.534312
-0.385288
0.215942
0.657111
-0.255174
0.808404
0.767954
-0.129731
-0.0999158
-0.554769
-0.271457
0.0426527
-0.622995
-0.293202
0.698173
-0.474804
-0.0445164
0.572641
0.22889
-0.662813
0.111251
-0.671386
0.0310951
0.348882
0.231183
0.387079
-0.556693
0.0503675
0.116677
0.462543
0.557378
-0.0198046
-0.118788
0.488212
-0.0122439
0.208621
-0.115093
1.28776
-0.666858
-0.591366
-0.0748412
-0.487601
0.401355
0.538298
0.709395
0.268681
0.223261
-0.202472
0.205294
0.0554568
0.49997
0.905362
-0.963472
-0.0444535
0.344737
0.935449
-0.39842
-0.14833
0.273013
-0.458596
-0.408249
-0.240519
-0.131484
0.213897
-0.359548
-0.0597231
0.681388
0.159147
-0.118685
1.06797
1.05508
-0.0123057
0.343147
-0.0552955
0.121391
-0.26221
0.0148516
0.37929
-0.139793
0.315894
0.754194
0.394645
0.265914
0.603938
-0.512876
-0.671887
-0.113889
0.0268771
-0.083698
-0.132528
0.150228
-0.379304
0.837551
0.294152
-0.703179
0.112617
-0.703247
0.325823
0.426285
0.806893
-0.401042
-0.30628
0.185966
0.398865
-0.010049
0.0860631
0.730432
-0.23268
0.597328
-0.706759
0.268929
0.357747
-0.0814055
0.22815
-0.0194153
-0.246745
0.283334
-0.0458248
0.180774
0.0618103
-0.086275
0.45781
-0.08035
1.16992
0.46672
-0.892172
-0.278039
-0.386165
0.101472
0.508039
-0.0462653
0.588414
0.25316
0.916423
0.116299
0.0893996
-0.367245
0.709209
-0.265831
-0.39138
0.682754
-0.111778
-0.721875
0.239856
0.0394926
-0.278787
0.456306
0.0624777
0.203788
-0.312351
0.114597
-0.26979
0.373091
-0.130867
-0.144617
0.0119782
0.111042
0.0583511
0.0813313
-0.131442
-0.431802
-0.0991427
0.693304
-0.483737
-0.59252
0.110422
-0.979133
-0.289674
-0.900063
-0.0595192
-0.248551
0.109959
-0.196605
0.552098
0.0466776
0.778102
0.0143442
-0.0456337
0.0520136
0.554655
-0.313673
0.347503
-0.873947
0.474266
0.209296
-1.00957
0.605637
0.88803
0.0864426
0.266901
-0.351341
-0.0373206
0.594552
1.34724
0.854949
-0.190902
-1.17019
0.101804
-0.211417
0.0991205
0.0697413
0.713969
0.509384
0.531867
0.151117
-0.529441
-0.740317
-0.421014
0.350238
-0.198195
0.494854
0.39135
0.770761
-0.131332
-0.0260712
0.216118
0.495609
-1.04494
-0.0515
0.579723
0.993985
-1.2849
0.965209
-1.0195
-0.886244
-0.266354
-0.153774
-0.875608
1.10385
-0.219213
0.429694
0.690253
0.37312
0.261352
0.282682
0.751932
-0.742741
-0.0992284
0.227928
1.47878
-0.435661
-0.110256
0.38327
-0.373251
0.521893
-0.476173
0.264875
0.676456
-0.121188
-0.524827
-0.714294
1.04751
-0.270798
0.503762
1.1776
-0.219957
0.408179
0.883395
-0.223459
-1.02909
0.524477
-0.00219341
1.21203
0.393648
-1.17526
0.938014
-0.298497
-1.02875
-0.47489
-0.474575
-0.725868
-0.697744
0.747072
1.05635
0.0192089
-0.0464967
0.684374
0.309287
0.523599
-0.254972
0.164678
-0.443341
0.279394
-0.297476
0.0862642
-1.20938
0.72258
-0.841733
-0.245387
-0.701418
1.73346
-0.365672
0.398471
0.0146744
-0.24615
0.730458
-0.59989
0.407836
0.506874
0.0436478
-0.751063
0.569258
0.254813
-0.177937
0.77282
1.64726
-0.732898
0.476829
0.0559707
0.485032
0.408881
-0.77057
-0.471367
-0.884648
0.724851
-0.053027
0.35565
1.34278
0.680508
0.828324
0.346081
1.18916
-0.938092
1.98597
0.301995
-1.26841
0.658818
0.373465
1.32876
-0.620488
-0.022148
-1.81669
-0.794558
-0.075665
-0.322766
0.392121
0.994816
-0.754188
0.516238
-0.0748391
0.922707
-0.642484
1.31818
0.946381
0.424855
-0.494718
-1.43096
-0.0807057
0.530051
0.128933
0.987009
1.52792
-0.587443
1.78131
0.487588
-0.805169
-0.209359
1.18901
-0.864961
-1.57998
1.82592
0.543613
-0.61711
0.0914438
0.758272
1.02073
1.84949
0.187898
-0.807571
-0.602918
-0.657338
0.432303
-1.96664
2.20121
0.0105131
-0.56952
0.974261
0.0372008
-0.550158
1.68908
6.40063
0.158249
2.24912
-2.4809
-0.569935
3.08734
-0.809074
4.66029
0.556651
-2.99301
-0.164027
4.27921
-4.48128
3.57079
12.4784
0
