39.8601
-244.28
246.794
88.0358
-211.375
82.8037
-83.0994
18.0399
-79.1819
-56.6059
-75.0069
47.6298
2.53367
-121.198
52.776
79.2291
42.8191
12.2315
17.2249
-95.3244
-34.6138
-82.8441
40.567
-97.3762
5.47458
-47.3189
-14.298
56.2786
1.56378
16.0274
-56.8992
5.2422
-2.69095
-71.5173
87.2529
-130.55
-59.9649
-98.4269
-6.00147
-8.87913
-55.9656
49.6858
83.3316
-46.2089
22.6609
64.1314
38.1919
30.4624
-34.2588
-57.6555
-19.1958
-21.3614
1.8354
-95.1655
-7.51914
50.6053
-35.6377
13.2662
27.7003
100.817
68.6761
-8.44403
37.5555
-52.8887
74.5546
-6.8839
66.8277
78.2979
-83.0283
-0.312088
-8.08285
-60.9466
5.85716
-100.558
7.34769
-47.1521
-9.60959
-32.7772
-46.6039
26.7413
24.7318
1.35731
-34.3171
-7.99169
-13.9191
-7.72809
8.82487
42.9293
-19.0417
13.6335
16.9519
0.951115
-10.4527
-16.474
-20.5551
28.0247
28.2214
-42.0712
18.5051
17.0478
20.1111
3.41303
-15.7063
33.4976
-45.147
-23.6116
16.9359
28.9985
-26.8307
27.8103
-14.6238
-17.5149
-14.4388
46.4693
-40.5253
-20.7724
-57.7665
5.57691
-39.3421
-24.2435
-6.93509
14.8815
19.2236
-26.1146
-18.0329
5.60024
42.0179
-38.8168
-2.30554
27.0611
-41.9595
17.1943
-36.6472
17.2785
-12.4206
2.30494
3.17805
-2.41948
-33.6535
-40.0147
-40.2775
48.7893
-29.5165
-18.6909
1.91307
-21.0585
43.5139
-10.1827
-5.54601
-15.6023
-4.79889
-12.5806
27.9425
-49.0004
68.7075
17.5193
-6.37624
15.0775
21.1855
19.6003
-12.7456
5.63532
-22.3251
37.5014
-21.6418
17.1822
30.5019
28.9543
-8.79955
-10.9622
6.03945
-25.9239
-21.9252
51.3299
9.25103
-8.76822
2.74235
35.4104
-17.7147
-15.4737
11.0964
39.2187
-18.594
9.13866
23.7032
30.8014
30.4753
24.896
-27.2318
-24.8567
-27.7742
-14.4879
-4.91065
-0.407853
10.2236
-27.8222
27.7959
3.79369
10.04
-25.4163
-27.7931
13.6411
-5.16351
15.0587
24.9719
17.1413
6.76914
-12.2874
-8.80466
-42.6274
15.4475
7.04302
-8.53589
-21.5418
-34.8149
25.4382
-1.4785
-15.966
-1.08471
19.6847
24.6011
-33.6623
-5.81552
-9.00092
26.5145
41.9872
-5.17996
-11.4503
22.0573
-8.84685
-1.08286
6.78124
-18.9386
-3.45003
-17.094
28.1933
23.5422
-0.232211
-4.00833
-3.66318
-28.005
35.5158
22.787
-18.6008
21.5833
23.1938
21.6794
5.99909
-1.55504
-8.4287
-4.61428
-40.9168
-21.5234
4.54347
-21.4989
-1.40489
41.8853
-12.518
26.7634
45.2028
17.4289
-12.5254
-11.7858
46.0581
-13.9487
3.95615
14.5507
-11.1984
1.0048
-41.6429
23.3152
4.51436
-6.92888
11.2191
28.4232
14.6864
8.85852
18.7412
14.1259
0.227285
18.6851
33.3865
5.48997
63.8146
-2.64397
-28.3832
-21.0567
-20.039
-10.894
-5.21865
-26.8778
18.9715
-9.19634
-7.20017
-4.6147
-7.04467
3.7312
13.9013
27.4279
3.98804
-53.7226
-10.5644
14.7358
-12.6856
-11.8299
7.05285
-0.282769
10.9832
17.0374
-2.18315
11.1854
11.1319
-17.3605
-14.9108
-23.6866
-22.5995
-16.2251
-2.84739
-5.27785
1.92428
3.45744
-18.5345
46.5018
-10.9433
-22.1536
3.53502
19.2102
18.9558
-11.7882
-9.84595
30.9024
2.90553
11.6326
12.5965
1.19302
-13.4176
-17.467
-17.853
-28.186
-18.7461
-18.6601
8.92927
-11.5703
-17.3004
0.37267
-18.1822
-4.69986
3.40449
-35.7496
-20.0368
3.00621
16.7476
-1.17458
-0.874588
16.6488
6.70949
-13.2811
-13.3266
26.1237
5.27332
8.67093
1.4784
22.1673
30.6376
-1.97412
-11.8135
34.5338
-10.9531
-5.68451
13.2299
28.336
5.26243
10.3659
22.7031
26.2853
30.1423
-26.2932
10.3701
9.24565
23.4722
18.6655
-2.40895
1.33045
18.5628
8.21437
22.895
-16.0368
14.9505
-12.4171
-6.49635
-0.986218
6.03625
8.91602
-19.8878
-30.0017
-5.03898
-12.1196
16.3803
-22.0496
-4.38338
9.8402
-31.0942
-9.6323
-6.14809
-0.11695
-3.03074
-6.63387
26.8291
1.19571
32.8904
8.65993
8.12197
8.11745
-27.4809
25.664
1.99386
-40.6425
-27.0292
1.07393
-19.1042
23.0775
-18.0904
7.4775
-7.63522
1.45575
-12.892
-31.4696
5.22389
7.14494
0.620065
-30.0951
-30.2725
-0.762832
-31.3958
12.2504
-11.5682
2.81677
-9.23349
4.26892
13.821
-4.30156
-6.30392
6.00628
3.34375
-4.20919
-8.57702
3.28569
23.2866
14.2596
-18.7371
-19.3769
27.6775
2.42125
2.76482
-6.53906
27.2155
-1.96699
-16.1657
-29.5809
25.2858
-10.0875
8.38534
-5.89467
-8.76152
7.59714
-11.3104
28.8961
33.9164
10.7854
-22.3555
-4.40838
-5.99804
-27.2071
9.48699
42.1547
8.93078
24.9209
-8.81146
15.0334
-11.6279
17.6764
0.4338
1.02236
-10.5664
12.9282
-0.962677
-4.72172
14.0502
5.01723
-25.985
-3.24121
18.7563
-20.2733
20.1045
12.16
16.5971
28.0416
7.33695
-6.66816
-9.46308
-8.48068
-17.6328
16.9379
15.8491
-2.00251
7.98552
-20.9271
2.10493
4.51144
0.974257
-4.49049
-26.23
6.03487
42.3074
4.52008
3.32475
-3.18053
-39.9577
3.71759
-9.39719
-12.9553
8.06971
31.0604
-4.72215
-15.1873
1.44505
22.5768
-19.1724
-28.6275
-15.1795
17.9005
-41.8176
26.0131
-17.298
2.41551
-25.7591
-3.10093
4.70127
43.7706
2.77839
-45.2965
5.08547
-31.4339
-30.7745
-25.3747
-31.3389
-1.41341
-29.6488
-4.75098
9.87183
-21.9575
5.0076
-19.229
-1.42027
38.6499
-17.3742
-5.88798
13.3043
8.26446
-7.53384
-9.42966
-1.83806
-15.5066
-30.633
-20.8373
13.8087
20.2211
-8.50012
1.30712
-2.78179
18.9594
9.96391
-3.10613
-8.91539
44.622
12.035
1.07183
-9.09878
-6.26897
-32.2909
-1
1.67258
-24.0482
5.91844
-2.77949
-17.7818
-38.5752
7.62799
-20.0907
12.0442
3.31394
27.8947
-0.795993
-12.9932
35.7859
11.2747
-32.3823
-0.39597
-30.206
-4.6442
-13.3152
-4.00583
-10.5452
-1.4203
13.1281
7.59858
6.94027
39.3841
-38.2483
-2.61219
-15.0347
-3.3588
4.98166
-19.2277
8.71121
-47.5542
68.0038
-6.82941
-19.5573
-12.6825
-40.4691
0.913274
37.1588
-30.643
0.600301
7.14843
-1.79926
-6.36617
47.9021
-10.4159
-32.6544
34.7162
-25.9546
11.1892
-13.0659
11.8868
-38.4641
7.17546
8.64102
22.0937
-7.88969
-13.0203
-14.8863
-27.2291
48.032
19.5445
6.00581
23.0406
5.65042
11.7027
-8.93367
2.07794
44.6822
21.1878
19.2573
-12.5648
23.2945
9.72281
14.6827
-4.19826
-6.24563
-24.9512
26.9561
14.0621
4.96634
16.8746
47.0067
-5.26151
-7.71261
-21.6064
12.2855
-45.7867
-14.5087
-1.8394
-0.601346
-8.93705
-17.2389
-1.96246
-0.595927
47.9123
-1.66254
19.9698
12.2702
-27.0167
-7.01729
-12.9909
-9.62101
2.43886
-22.1877
27.7276
16.4103
-15.6231
18.7333
19.8545
-26.154
20.8694
-0.0562591
29.5446
3.45195
-20.3031
4.76969
-26.9917
27.008
43.1534
22.1478
-13.9199
16.4715
-4.68177
-1.84974
12.4859
19.2176
-8.26146
43.6143
3.71153
1.12081
-10.5868
-4.90762
10.737
-1.92918
5.02712
-9.50318
9.18107
-25.6282
35.6609
13.0354
12.1413
42.1269
-5.81365
21.6038
-2.92523
17.841
-4.3534
48.3162
-13.5531
-17.6779
-7.97279
-31.9261
22.1313
-30.5651
-4.80904
-32.5761
3.70017
-5.8398
5.16943
-16.3363
13.812
-27.6073
-32.7524
9.51
19.5444
5.1357
2.76232
-23.1601
22.384
6.25753
-35.5254
-5.99921
42.6109
10.5251
15.041
8.60838
-15.5127
18.8451
-31.2603
-11.1522
11.9213
29.2693
-19.7592
-0.494442
15.2024
-4.03072
-10.0388
4.91626
6.4872
11.778
-9.50589
-7.5628
11.4204
-18.8503
7.29357
-22.6385
-15.6777
-16.4901
5.69272
15.8546
4.62298
-8.81021
-15.6648
-19.1834
-6.42945
-6.15475
-19.3265
-6.41139
12.1305
19.9253
23.8243
-5.82372
-29.1019
-15.8638
-13.8688
18.2359
-18.3475
-20.8908
-36.8187
15.09
-4.84914
-5.06172
4.63169
-12.128
6.01895
17.1347
-50.8608
17.7781
-28.4677
9.08393
34.3176
63.5321
17.3771
-2.0798
0.907237
-8.7847
-11.8917
-3.47862
36.6202
12.0099
-27.2336
4.08497
-12.3374
-37.8784
40.945
50.5481
-30.0573
-0.082873
-12.6992
-31.2467
-3.1092
-15.5966
12.0362
-39.0789
10.2892
-43.0064
-43.461
23.8355
53.2327
1.5894
9.12155
26.3612
46.0273
-12.5891
-17.7792
-41.555
-4.18899
6.48176
-32.0003
1.59306
20.3493
-18.4473
-29.6052
-25.5857
-7.78751
-2.12466
12.3356
-61.7734
30.1143
-23.2845
9.29973
31.3581
34.0133
-45.9535
19.8009
-38.8718
-6.08758
-24.1367
11.2323
24.787
-1.71123
45.3088
13.5028
32.4619
3.26911
14.6429
-21.4717
-17.561
-7.57455
-15.4045
22.8573
8.82228
-31.6051
24.4883
-20.6917
6.84726
-9.49053
6.98905
11.2171
26.3255
-49.6853
-19.0607
1.97434
6.44781
-53.4037
-18.0497
-30.3726
19.0407
21.6305
54.4177
-12.1251
17.2997
3.764
-30.0533
33.0397
-4.23689
47.7734
20.7086
-6.29213
-12.523
-1.04957
30.5937
-36.3493
-13.2061
-18.4606
-32.779
-18.7902
-31.4031
-85.2639
42.0924
-35.3035
-5.5652
-9.84083
17.344
-18.367
-19.2722
-19.3247
-61.968
32.12
31.0677
5.43512
0.118301
10.327
44.1256
-36.1012
-33.0037
-34.8287
2.32105
-26.7694
0.563892
58.0469
-26.6524
49.4382
2.18559
-72.2406
-19.4172
-1.43265
45.9466
11.7611
-59.5917
46.8388
-23.9393
62.5809
13.547
-99.5209
-39.8007
-42.3248
82.3331
13.2353
27.9048
6.34629
50.357
-35.9917
30.6828
12.5261
-7.70598
-15.1052
28.7578
12.6839
52.1326
89.6728
35.4349
9.21184
-65.0363
-49.5051
-24.2869
6.21964
80.0536
33.0942
32.6051
-30.4592
136.992
83.9152
-161.955
35.6439
-25.3701
62.4047
141.435
-260.981
-119.571
-188.028
380.917
329.225
-251.938
0
