46.1417
-7.44181
-2.03497
36.6507
12.3193
46.4381
0.0211934
48.8548
15.3069
-8.66433
-14.4891
20.1608
11.3054
10.3714
19.1636
2.57435
8.18261
10.3597
1.83612
28.6053
3.47954
19.3826
5.97389
-2.1115
8.14755
-21.3021
-5.00828
-5.18628
14.1864
1.09143
-0.902256
-22.1805
-16.3899
3.29572
8.09919
4.39079
11.2687
-14.9402
9.85281
8.45533
15.1703
-4.91331
-11.5139
21.3209
-3.38138
-16.5096
1.85316
6.32316
25.8958
-2.96115
-18.5145
-8.76328
19.9454
-0.00929902
6.46503
0.356599
14.6645
-0.452477
-7.01033
9.03279
-10.3109
-0.541381
-12.2633
4.26988
10.1017
-2.90937
-4.97998
-14.3306
3.71447
9.09661
7.68061
-15.2494
-7.34901
-0.643839
-3.25533
0.969472
8.50951
-7.36486
-6.0467
-24.8899
8.72861
-2.70315
-8.63331
-4.97398
-13.8466
-8.70387
-5.5227
-5.51388
-14.9206
-35.8262
20.204
-40.406
24.0696
31.7094
36.5266
10.4365
26.6482
-6.42578
-7.6902
0
