0.00897277
2.52616
-1.18714
-1.44763
0.965403
-0.316108
-0.0691673
-0.627104
0.426793
1.43053
0.0339177
0.022461
-1.10726
0.177124
1.01089
0.00594148
-0.0567396
-0.66662
0.237914
-0.821617
-0.149623
-0.0250695
-0.217444
0.0907612
0.330689
-0.196841
-0.682008
0.37292
-0.531776
0.265953
0.36166
-0.426233
-0.225965
0.0132872
0.450841
0.0546672
0.0113431
0.522545
-0.182101
0.166679
0.296672
-0.337166
0.0292361
0.476909
-0.0808593
-0.0144711
0.184756
-0.33127
0.105976
-0.140298
0.821865
0.407267
0.216794
-0.242874
-0.211827
0.39273
0.223709
-0.486496
-0.13647
0.0708207
0.239296
-0.113786
-0.189965
-0.321697
-0.511078
-0.00462212
-0.160235
0.136567
0.377918
0.234953
-0.250674
-0.177227
0.386394
0.200476
-0.244914
-0.0563138
-0.0954099
-0.00353286
-0.184988
0.209506
0.1833
-0.430214
0.113484
0.126971
-0.463687
-0.138321
0.256002
-0.20474
0.598257
0.380445
0.13773
0.116576
-0.0656766
0.12441
0.161026
-0.035001
-0.229044
0.0856295
0.25243
-0.230415
0.273612
0.183026
0.449533
0.0559266
0.187209
0.0981721
0.24595
-0.288809
0.0416294
0.000183294
0.339248
0.341547
0.0225242
0.334486
-0.038552
-0.483233
-0.19377
0.254664
-0.01226
-0.0111988
0.112914
0.175451
0.101514
-0.0474629
0.0895711
-0.373978
-0.0166523
0.0580606
0.208792
-0.458591
-0.0722749
0.203607
0.032537
-0.182459
0.100242
-0.205173
-0.00837543
-0.234451
0.0295764
-0.288051
-0.00937101
0.139809
-0.235454
-0.400039
-0.0584415
-0.312649
-0.0219804
0.156325
0.224087
-0.0644579
0.207625
-0.0120833
-0.0425727
-0.0847316
-0.044454
-0.0361924
0.149687
-0.309024
-0.0361488
-0.0212031
0.137558
-0.0890947
-0.261909
0.115756
0.124418
0.0751089
0.308669
-0.0565831
-0.0253094
0.188816
-0.0453549
-0.050571
-0.0893178
0.134044
0.0692888
0.367944
-0.027388
0.0926999
-0.171477
0.302137
0.139802
-0.176083
0.326528
-0.0939432
0.028323
-0.0679836
-0.0163341
0.0797193
-0.0668821
-0.00571226
-0.194697
-0.0944885
0.0692566
-0.0871655
0.0557993
0.106315
-1.37857e-05
-0.0158419
-0.162084
0.0504925
0.0205106
-0.0334548
-0.0320784
-0.0134411
-0.0581643
-0.206242
0.0785351
0.239761
0.112808
0.0522688
0.0318177
0.0228729
0.0891236
-0.219798
0.057778
-0.10604
0.126977
0.117784
0.155244
0.156063
-0.0175687
-0.205897
0.0930241
-0.200325
-0.0622871
-0.175709
0.0618345
-0.086594
0.0689343
0.0569119
-0.116211
0.108313
-0.11998
0.0239716
-0.0318141
-0.0226689
0.0957363
0.0291801
-0.178374
0.107133
0.0876982
-0.367152
-0.0664695
-0.0421143
0.111963
-0.0642766
0.0333373
0
0.0613974
0.0367084
-0.106536
0.0645092
-0.124211
0.0708506
-0.243161
-0.161886
-0.142967
0.119097
-0.32138
-0.0104176
0.0468535
-0.288183
0.107776
0.0148871
-0.00401547
0.0415088
0.064714
-0.00104195
0.0605226
-0.212314
-0.201467
0.104891
-0.0311763
0.0430615
-0.187977
-0.0696437
-0.0150781
-0.128876
-0.203898
-0.156261
0.197846
0.186014
0.045455
0.116328
-0.000516056
-0.0991912
0.194694
0.0325281
0.0987527
-0.180352
-0.114907
0.022764
0.161016
0.121963
0.144821
0.0901317
0.10525
0.0101496
0.00588857
-0.29605
0.0162768
-0.0861287
0.012385
0.325139
0.076671
0.038972
0.235099
0.0466539
-0.371012
0.117087
-0.0494095
-0.201838
0.0433548
-0.147642
0.0635858
0.0955419
-0.0794576
-0.0637554
-0.0558174
0.0629929
-0.0948852
-0.0770737
0.265194
-0.0428587
0.0993747
0.0236178
0.165985
0.0129967
0.120227
0.0698983
-0.12065
0.0563013
-0.0579586
0.0717602
0.0513195
0.0226052
-0.151357
0.0061352
-0.022457
-0.0104694
-0.212097
0.107055
-0.0558362
-0.13268
-0.259915
0.264099
0.0065095
0.162546
0.0231896
0.0325593
0.0364031
-0.0455345
-0.05391
-0.040517
-0.0896848
-0.190641
0.123885
-0.0454186
-0.147283
0.0388729
-0.0525741
-0.0210127
-0.0246123
-0.00718878
-0.090391
0.017982
0.094949
-0.0646672
-0.00899685
0.15027
-0.0397031
-0.0833595
-0.102053
0.0839516
-0.0871374
0.1571
-0.332279
0.251595
-0.10407
0.00329215
-0.0817813
-0.118945
-0.105012
-0.140962
-0.136562
0.140459
0.0431535
0.0411892
-0.300157
-0.0883024
-0.0825697
0.0990832
-0.0955283
0.279139
0.035479
-0.0176341
0.01464
-0.0744423
0.144037
-0.0884673
-0.206161
-0.0227327
-0.0521726
0.0285061
0.0951355
0.150541
0.102399
-0.267066
0.0666142
0.275595
-0.0264264
0.0100276
0.154596
-0.147318
0.119318
0.0465261
0.189837
0.203148
0.231212
-0.0546246
0.209554
0.060912
-0.0612836
-0.0546848
-0.242038
-0.081629
-0.262621
0.187864
0.127753
-0.200509
0.0447104
0.0240315
-0.0948923
0.175118
0.0462341
0.0385924
-0.0469772
-0.0535476
0.112096
0.164787
-0.0747186
-0.012005
0.00746792
-0.0602759
-0.260031
0.00543363
0.0676703
-0.118181
-0.209998
0.078981
-0.0757649
0.00278725
0.202266
0.0785904
0.00133135
0.10072
-0.0183704
0.125741
-0.188723
0.200036
0.155569
-0.0592594
0.326852
-0.00938046
-0.0517997
0.161564
0.210485
-0.073779
-0.069654
0.142545
-0.125954
0.0416602
-0.0124683
0.334529
-0.0142584
0.0299694
-0.354759
0.165487
0.0376121
0.0933671
0.0704513
0.0666108
-0.13771
-0.0724487
0.131529
0.0305027
-0.128694
-0.048534
0.250534
0.136494
-0.12732
-0.121967
-0.0730927
-0.0796162
-0.0947776
0.00637021
0.0990906
-0.0759356
-0.0498685
-0.0944215
-0.280681
0.048987
0.131113
-0.0634202
-0.00538399
0.310601
0.180069
-0.0258549
-0.27292
-0.136277
0.0794372
0.19997
0.220505
-0.0804614
0.127651
-0.341668
0.263162
-0.130821
0.187027
0.205861
-0.154993
0.121486
-0.0695872
-0.0219467
-0.0916394
0.045758
0.147059
-0.192004
-0.0253847
0.0308657
0.0649146
-0.00121184
-0.0527349
0.0681985
0.05705
-0.0605064
0.0708292
-0.0465819
-0.168632
0.142969
0.00494059
-0.200576
0.0877792
-0.106359
0.293284
0.076991
0.0637295
0.190461
0.0858229
-0.258294
-0.197878
0.033297
-0.126693
-0.00128498
0.0690938
0.0474058
-0.0197948
-0.177119
0.0400378
-0.0991193
0.147224
0.00970498
-0.142466
-0.207065
0.0798312
-0.0762374
-0.00579855
-0.101991
0.135423
-0.0190773
-0.0502123
-0.00516966
-0.183856
0.0299518
0.0318484
0.208886
0.106222
-0.0208348
-0.176797
-0.0403361
-0.0525605
0.0096417
0.229707
-0.0804935
-0.0018083
0.0377385
-0.163832
-0.243148
-0.20998
0.209051
0.125558
0.253666
-0.0117897
0.141759
-0.119897
-0.0752704
0.0139756
0.0234918
-0.146257
0.237428
0.249487
-0.0067375
0.0286659
0.32615
0.168217
-0.238858
0.0315405
0.00162396
0.0998704
-0.0424479
-0.0546998
-0.011955
0.00720096
0.0766354
0.0602054
-0.264984
0.0961511
0.0326939
-0.0719116
-0.158059
0.17607
0.168086
-0.24102
-0.0866449
-0.099794
-0.018977
0.132523
0.0028025
0.123162
0.0497111
-0.101229
-0.291238
-0.119542
-0.184779
-0.0765367
-0.086752
-0.0972829
-0.049149
-0.070325
0.233458
-0.0185105
0.172969
-0.143408
-0.301788
-0.0990476
-0.131306
-0.0775256
-0.132421
-0.0730064
-0.143022
0.0235143
-0.200444
0.223541
0.121544
0.17782
0.122297
0.0838226
-0.405296
0.0266982
0.116222
-0.165677
-0.205566
0.151683
0.187855
-0.0418751
0.0198519
-0.269116
0.0443496
-0.0779092
-0.0383656
-0.11649
0.187113
-0.0799706
0.019012
-0.0569315
0
0.243661
-0.00503059
0.0690046
-0.247528
-0.0574995
0.0806097
-0.148825
0.0801213
0.00812689
0.0090663
0.248335
-0.177283
0.0809827
-0.0385305
-0.198719
0.0329176
0.00142682
0.217237
-0.195289
0.110556
-0.107763
-0.0242549
-0.0133417
-0.243044
-0.16496
0.00753445
0.13715
-0.00419589
0.495955
-0.0213754
-0.570247
-0.127316
-0.00576425
-0.268658
0.156758
0.173444
-0.0981741
0.205926
-0.0962147
-0.100669
0.169015
0.17248
-0.0248554
0.102872
-0.0704488
0.0555661
-0.0943571
-0.00971118
0.00160432
0.0785611
0.0212544
-0.0328891
0.070195
-0.210987
-0.0912319
0.126667
0.130312
0.0168106
-0.137642
0.0316086
0.0105329
-0.105578
-0.254236
-0.148903
-0.0811858
0.13016
0.0655269
0.014974
0.250862
0.48167
0.0086449
-0.109863
-0.3443
0.0796886
-0.0159395
0.267478
-0.108854
0.061534
-0.0455524
-0.412915
0.0930297
-0.249473
0.0555225
0.206976
-0.0747023
0.372832
-0.0851159
-0.116545
-0.292697
-0.190249
0.095116
-0.173077
0.0843642
0.0508343
-0.0092428
0.188447
-0.180248
-0.0110997
-0.165654
0.115111
-0.0866112
0.0337363
0.187068
-0.171753
0.0364587
0.218563
-0.0331505
0.130169
-0.157411
0.114552
-0.113807
0.0812099
-0.0702662
0.0431798
-0.035263
-0.010099
-0.0595484
0.0673221
0.0932246
-0.0799014
0.0259102
-0.189419
-0.207749
-0.190788
0.143713
-0.170661
-0.257061
-0.150788
0.305357
-0.0132365
0.0257516
0.0587461
-0.266966
0.284617
0.0268342
0.430692
-0.151992
0.0603349
0.166924
-0.0329426
-0.322452
-0.0170411
-0.0140226
0.0504012
0.149014
0.0746905
-0.0787881
0.0937485
0.155668
0.0744924
-0.216836
-0.0152255
-0.165434
0.465207
0.065322
-0.086723
0.395936
-0.0400264
-0.146626
-0.026752
-0.0686822
-0.280915
0.185386
-0.176794
-0.147262
-0.193904
-0.0543522
0.0138954
-0.162761
-0.263651
0.0231517
-0.0583203
-0.0476905
0.0635662
-0.431432
-0.105544
-0.117427
-0.0463906
0.0550714
-0.251593
0.168813
-0.0121167
-0.0856864
0.196557
0.211633
0.0321292
0.335418
-0.660903
-0.151537
-0.126
-0.0648022
0.224128
0.119868
0.190902
-0.21837
0.144302
-0.0361072
0.395182
-0.793336
-0.00430682
0.0677183
-0.0258989
-0.0475042
0.136937
-0.120179
-0.590533
0.29536
0.446997
-0.235382
0.132654
0.0117134
-0.48403
0.377535
0.158469
0.0553652
-0.208927
-0.205103
0.140338
-0.00892127
-0.409209
-0.181429
-0.0254856
0.088637
0.514019
0.114024
-0.398331
-0.143475
0.285897
-0.057985
0.0314881
0.0445952
0.37469
0.360124
0.0227773
0.399946
-0.29061
0.117016
0.100955
-0.223069
0.400026
0.0509586
-0.00184209
-0.20641
0.243376
0.448902
0.0805457
0.12327
-0.0246689
-0.217035
0.21156
0.0601142
0.158819
-0.335365
0.00148452
0.404278
-0.222137
-0.0538385
0.00045688
0.141838
-0.157095
0.0296154
-0.14368
0.48237
-0.28669
0.10272
-0.196567
-0.134856
0.107865
-0.46669
0.0958067
0.225717
0.0626709
-0.128635
0.347138
0.213909
0.281446
-0.511868
-0.0196551
0.278563
-0.588888
-0.634538
-1.06228
0.409188
0.279785
0.553777
0.259463
0.368237
-0.463765
-0.201376
0.143753
-0.147868
0.511805
0.371611
-0.340406
0.388733
-0.0492933
-0.157363
0.406395
-0.234821
-0.256606
0.735502
-0.733263
0.0276629
-0.123078
0.184551
-0.0619353
-0.0451715
1.03208
0.461797
0.868409
-0.781185
-0.187884
0.415333
-0.123687
1.06248
-0.723037
0.252739
1.39062
0.931514
0.816541
-0.158052
1.59191
0.532076
0
