43.7859
21.7574
14.5501
11.1655
9.26378
7.25877
6.65691
5.69864
5.16885
4.56523
4.34424
3.59987
3.15314
2.86775
3.02056
2.84885
2.67962
2.34277
2.14915
2.35502
2.02337
1.83321
1.82843
1.89394
1.73789
1.67277
1.56701
1.6222
1.53049
1.54545
1.5597
1.52068
1.42335
1.44412
1.30343
1.14735
1.20572
1.20415
1.29125
1.2408
1.00861
0.939176
1.10779
1.14841
1.03258
0.947609
0.986146
1.0105
1.01814
0.973283
0.941309
0.972824
1.01143
0.856537
1.02759
0.681058
0.802138
0.910661
0.750589
0.805283
0.907238
0.81136
0.784866
0.883898
0.825224
0.664384
0.682457
0.641028
0.688379
0.699202
0.770622
0.639499
0.685768
0.997351
0.528711
0.666017
0.664921
0.740876
0.828951
0.624166
0.51763
0.443324
0.48692
0.698495
0.592902
0.608058
0.610468
0.606701
0.579464
0.594601
0.458864
0.661516
0.490411
0.568497
0.58746
0.530021
0.594079
0.481322
0.61593
0.493115
0.530186
0.449495
0.482759
0.546382
0.439057
0.522071
0.490342
0.463089
0.47916
0.491708
0.507766
0.416407
0.455592
0.362763
0.43478
0.376727
0.466198
0.390459
0.330091
0.514975
0.302805
0.482033
0.393787
0.46843
0.339674
0.518405
0.421867
0.527821
0.468916
0.484895
0.428418
0.339328
0.416499
0.375404
0.376289
0.474069
0.356782
0.358163
0.412307
0.326563
0.333383
0.338939
0.37921
0.361511
0.388121
0.396727
0.369466
0.292411
0.407837
0.262284
0.38045
0.332921
0.339251
0.377157
0.370697
0.399437
0.433448
0.366021
0.217836
0.281043
0.314219
0.306318
0.27959
0.39659
0.349071
0.374687
0.360941
0.361212
0.268475
0.294468
0.317478
0.275709
0.291045
0.408537
0.238234
0.272346
0.365508
0.211911
0.342911
0.352737
0.241552
0.308101
0.393953
0.273039
0.219545
0.353049
0.303331
0.287157
0.320379
0.238144
0.226693
0.259917
0.214217
0.238978
0.278644
0.289317
0.271633
0.342536
0.330409
0.259529
0.273423
0.249546
0.389309
0.292814
0.307022
0.25972
0.201032
0.309402
0.276987
0.208892
0.317238
0.317478
0.237515
0.317788
0.195994
0.274579
0.276897
0.236489
0.256482
0.257796
0.26008
0.293286
0.217343
0.314266
0.289253
0.223209
0.277256
0.305561
0.274518
0.258439
0.280101
0.235871
0.258413
0.207305
0.253573
0.243145
0.230804
0.182477
0.208178
0.259594
0.242817
0.287342
0.239546
0.277502
0.217557
0.245763
0.259741
0.223493
0.275811
0.244937
0.359774
0.226938
0.211085
0.199876
0.283067
0.259301
0.255656
0.176292
0.228332
0.201518
0.188276
0.331568
0.12679
0.185574
0.191744
0.213613
0.250391
0.248065
0.151882
0.218655
0.250237
0.199868
0.242452
0.248917
0.225065
0.195431
0.155154
0.2292
0.22033
0.19415
0.247263
0.194157
0.169328
0.184078
0.171014
0.196926
0.211619
0.256571
0.243505
0.162836
0.229296
0.270339
0.17752
0.202439
0.162182
0.230179
0.268931
0.142085
0.198214
0.259555
0.160988
0.153825
0.107053
0.282053
0.21263
0.191131
0.231173
0.280027
0.248753
0.153892
0.219804
0.163889
0.1682
0.232522
0.175175
0.227743
0.233558
0.0919518
0.234373
0.146705
0.24989
0.241884
0.180194
0.220119
0.177823
0.191322
0.238352
0.163372
0.17663
0.153188
0.128253
0.134001
0.212642
0.206787
0.151088
0.190616
0.219018
0.234016
0.146802
0.195666
0.245262
0.12657
0.142821
0.120935
0.178144
0.221567
0.178663
0.121161
0.201862
0.154376
0.151088
0.148672
0.236692
0.161403
0.142111
0.102097
0.226083
0.220108
0.192393
0.190366
0.161
0.166108
0.149368
0.122404
0.135998
0.128404
0.160865
0.156205
0.135328
0.150721
0.147966
0.17832
0.202954
0.134353
0.206709
0.201864
0.137587
0.19824
0.179002
0.148218
0.151654
0.11524
0.104989
0.175122
0.126957
0.176576
0.131223
0.205059
0.220971
0.150914
0.172273
0.184498
0.195616
0.12508
0.191785
0.0966657
0.217121
0.156755
0.196785
0.146336
0.107381
0.219604
0.165804
0.223348
0.118627
0.125007
0.165603
0.12173
0.146826
0.177703
0.0884612
0.132287
0.185159
0.169314
0.168331
0.207791
0.186043
0.180529
0.10254
0.149835
0.140673
0.228501
0.159549
0.152725
0.100698
0.183088
0.124506
0.150069
0.154072
0.205322
0.158497
0.197606
0.162544
0.186841
0.142646
0.1901
0.120675
0.200174
0.111784
0.173143
0.130269
0.147176
0.168993
0.148852
0.136976
0.145422
0.0970417
0.115989
0.109871
0.201756
0.146023
0.147812
0.210801
0.0876153
0.114679
0.196432
0.127448
0.191244
0.210945
0.13268
0.228418
0.193145
0.122415
0.198646
0.150285
0.140251
0.171033
0.16936
0.200862
0.145516
0.169363
0.164877
0.126145
0.163733
0.179874
0.12712
0.148721
0.113029
0.179623
0.138876
0.204496
0.182963
0.132318
0.159025
0.171201
0.187355
0.18599
0.227006
0.154324
0.164927
0.141832
0.200822
0.166869
0.218873
0.176509
0.160775
0.165205
0.136433
0.152077
0.153284
0.123824
0.15075
0.138664
0.0941519
0.106029
0.213058
0.206304
0.175813
0.197793
0.148564
0.196971
0.172559
0.187974
0.168681
0.221884
0.122577
0.149539
0.141617
0.16327
0.143084
0.126202
0.217673
0.129213
0.129634
0.195046
0.183019
0.161153
0.182321
0.147928
0.156603
0.159279
0.21204
0.19248
0.173879
0.185606
0.146509
0.157217
0.203153
0.185935
0.183316
0.196809
0.11983
0.183179
0.19726
0.226706
0.155638
0.179085
0.152496
0.174624
0.169212
0.160941
0.257291
0.156896
0.178858
0.18909
0.133145
0.165713
0.111087
0.19443
0.106761
0.224417
0.135861
0.140034
0.229755
0.110297
0.214421
0.13111
0.143209
0.200083
0.173169
0.11011
0.137177
0.195914
0.143703
0.186658
0.154121
0.186426
0.173022
0.146451
0.168429
0.183912
0.14177
0.191551
0.162907
0.168968
0.159795
0.229918
0.224738
0.168038
0.201333
0.177238
0.120747
0.180639
0.100675
0.163129
0.171437
0.132389
0.1415
0.157573
0.150193
0.13359
0.219373
0.21867
0.223006
0.141436
0.148032
0.103411
0.11642
0.207996
0.16127
0.16191
0.163393
0.162655
0.195402
0.111147
0.0819428
0.118612
0.194205
0.151622
0.156317
0.163326
0.176956
0.205692
0.181554
0.1944
0.159671
0.1678
0.217288
0.165337
0.154298
0.173884
0.171498
0.180891
0.254913
0.202632
0.110669
0.252499
0.19482
0.20677
0.155935
0.16125
0.163983
0.241289
0.219769
0.19528
0.197492
0.177494
0.148721
0.141463
0.185635
0.134738
0.162154
0.217989
0.276428
0.143651
0.206493
0.247238
0.106596
0.20511
0.258103
0.173072
0.170906
0.119953
0.135019
0.157022
0.152129
0.14267
0.155394
0.174671
0.234646
0.197147
0.129026
0.221139
0.166555
0.239234
0.204218
0.120685
0.220002
0.198523
0.211915
0.226829
0.185473
0.186603
0.159191
0.201481
0.201034
0.195595
0.161771
0.178595
0.190602
0.248721
0.210898
0.175121
0.123724
0.138824
0.146441
0.240984
0.115861
0.229363
0.220962
0.216467
0.21262
0.157967
0.226414
0.181629
0.212687
0.140685
0.192449
0.165225
0.211472
0.210428
0.21184
0.121828
0.199765
0.223922
0.159947
0.215918
0.16976
0.212896
0.215977
0.23357
0.258131
0.237595
0.222241
0.200357
0.179835
0.168601
0.241984
0.210994
0.298668
0.218819
0.285373
0.214984
0.177152
0.242995
0.25894
0.276949
0.226495
0.24791
0.215495
0.236809
0.205247
0.237294
0.210268
0.154139
0.17846
0.261248
0.243238
0.235161
0.220672
0.220127
0.222888
0.397691
0.276045
0.19976
0.218292
0.226142
0.242942
0.208001
0.328685
0.19584
0.276381
0.151613
0.213584
0.304475
0.224802
0.27338
0.243867
0.219792
0.317873
0.278821
0.338673
0.291619
0.17641
0.240047
0.231199
0.27585
0.308024
0.255093
0.26142
0.332754
0.238218
0.244801
0.297908
0.269754
0.297166
0.251161
0.307009
0.208324
0.252537
0.247986
0.265653
0.419921
0.303505
0.25012
0.369939
0.256702
0.267409
0.255673
0.335343
0.277251
0.303001
0.296775
0.292453
0.270118
0.331857
0.449741
0.322247
0.319269
0.298772
0.248155
0.237418
0.356597
0.280879
0.305633
0.398681
0.364169
0.330416
0.290084
0.251905
0.37469
0.281317
0.274518
0.343565
0.297392
0.379373
0.469366
0.331703
0.435597
0.286356
0.402048
0.366565
0.328548
0.317532
0.308509
0.324871
0.351872
0.295388
0.405666
0.423058
0.389752
0.344121
0.314992
0.394885
0.356797
0.384036
0.511733
0.404909
0.382224
0.415216
0.385872
0.404545
0.319195
0.435527
0.414202
0.320901
0.522848
0.443077
0.389974
0.374771
0.343682
0.379156
0.299646
0.459503
0.526019
0.348461
0.509557
0.399386
0.438209
0.520935
0.444861
0.558838
0.429091
0.454761
0.494221
0.534015
0.500436
0.477147
0.400068
0.539533
0.563813
0.618594
0.357228
0.631548
0.572672
0.500987
0.555248
0.549777
0.530347
0.488086
0.663417
0.546606
0.533667
0.661274
0.631303
0.603495
0.597732
0.665418
0.622917
0.517429
0.477499
0.582794
0.712556
0.625924
0.657505
0.651892
0.679974
0.567294
0.747705
0.704911
0.532654
0.521726
0.60825
0.686395
0.760864
0.660549
0.573584
0.663172
0.667774
0.641921
0.66006
0.68208
0.688728
0.818885
0.828201
0.682782
0.825967
0.67262
0.791343
0.815494
0.73838
0.703127
0.834301
0.897496
0.832012
0.833329
0.81079
0.955289
1.05834
0.891078
0.957649
0.961428
0.985763
0.955492
0.965149
1.03449
0.929565
0.944212
0.885128
1.06501
1.00015
0.818632
0.901896
1.04953
1.16885
1.25985
1.18003
1.31433
1.33949
1.33181
1.28734
1.26137
1.38551
1.29593
1.53116
1.53709
1.45562
1.59905
1.74207
1.70443
2.05182
1.78418
1.74907
1.86963
2.08483
2.07274
2.28179
2.25324
2.39036
2.7042
2.5996
2.91473
3.19059
3.18716
3.58603
3.74295
4.38241
4.4486
5.01913
5.28084
6.13157
6.57961
8.0945
9.1057
10.8764
13.5494
18.0576
26.889
54.0701
0
