92699
46384.2
30638.4
23269.5
18595
15587.2
13339
11867
10581.4
9462.57
8512.1
7776.19
7241.46
6752.26
6297.85
5979.59
5667.95
5323.62
5064.71
4752.06
4503.94
4300.03
4124.72
3941.63
3786.48
3704.21
3586.4
3445.53
3293.33
3129.65
3069.41
2958.01
2896.84
2808.07
2741.74
2676.63
2595.29
2500.08
2473.07
2416.69
2361
2266.28
2224.26
2177.31
2141.53
2079.17
2004.75
1991.12
1976.23
1951.69
1874.58
1860.29
1838.06
1799.16
1761.97
1739.27
1717.35
1669.95
1654.31
1623.4
1571.85
1551
1542.35
1525.08
1499.2
1463.22
1457.38
1470.16
1451.65
1437.64
1395.05
1386.76
1372.55
1369
1353.85
1354.02
1335.05
1323.88
1293.75
1282.53
1273.28
1264.22
1240.19
1218.89
1210.65
1198.26
1194.18
1185.89
1156.04
1152.99
1124.22
1107.5
1089.5
1075.08
1051.35
1042.13
1036.41
1015.67
995.136
986.152
975.45
971.173
959.861
940.789
944.767
935.935
919.631
904.486
900.297
909.895
911.888
898.218
878.883
876.133
869.768
867.549
864.971
862.356
860.224
855.989
849.611
847.873
842.159
838.449
835.99
830.213
829.982
815.686
813.778
814.649
822.58
811.193
801.745
789.831
787.837
788.643
783.315
776.763
773.997
749.496
758.341
754.461
742.333
738.362
728.99
721.929
732.376
735.542
733.679
732.239
727.338
720.028
716.517
712.393
696.436
685.3
686.948
689.251
678.355
676.151
682.041
686.096
671.916
656.749
653.407
655.411
647.57
645.754
647.642
646.735
647.008
645.591
647.276
652.209
639.584
629.655
625.07
620.337
617.098
617.795
614.409
611.978
603.176
599.699
593.37
590.955
590.737
580.674
582.636
579.44
580.534
581.404
580.137
583.823
582.984
581.022
577.597
585.185
587.711
594.268
592.968
584.96
581.242
573.091
568.198
573.339
587.26
576.377
581.546
583.161
583.995
575.8
570.104
573.308
568.864
561.113
555.4
548.045
545.654
536.43
524.79
527.397
530.51
518.448
517.391
511.093
504.446
498.818
496.364
494
490.528
490.17
490.576
488.639
478.499
479.228
476.623
471.928
480.334
482.88
481.054
478.446
477.391
484.35
476.152
468.71
464.843
469.867
470.527
466.692
469.264
463.559
455.047
451.143
453.303
449.603
455.64
451.492
453.618
454.232
454.146
449.54
455.045
458.214
458.704
455.569
445.106
448.617
450.805
442.357
438.716
436.645
438.426
437.716
431.92
439.195
438.44
439.327
448.218
455.283
448.962
447.365
452.74
453.223
452.055
441.696
441.819
436.535
438.107
436.15
434.413
435.607
429.844
427.655
425.533
427.566
419.447
417.232
420.597
410.008
412.122
408.394
407.249
406.549
401.14
399.691
400.648
397.902
397.614
394.476
396.615
392.984
398.697
401.561
401.582
406.292
406.757
403.408
399.794
400.798
403.068
408.042
403.962
403.729
402.099
402.023
396.949
390.495
387.986
379.723
378.605
372.044
367.644
368.547
369.506
358.906
363.136
359.455
359.91
356.563
347.705
352.724
350.234
354.942
353.726
350.845
352.087
349.723
348.941
347.553
357.051
353.981
352.859
352.772
352.065
343.49
344.856
342.258
337.31
340.672
337.649
335.531
334.29
334.225
335.051
340.093
340.438
344.173
338.855
340.744
340.806
338.423
338.162
334.733
332.25
332.368
329.933
333.858
335.354
339.117
339.943
334.497
338.702
338.617
337.01
332.846
324.402
326.36
324.633
330.525
332.691
330.258
324.503
327.66
328.731
320.776
316.936
321.407
314.864
316.744
320.464
315.62
319.549
323.802
322.843
325.403
327.042
331.25
335.225
335.843
336.316
334.554
338.341
336.514
329.941
330.489
335.365
332.334
339.661
342.423
342.724
342.394
344.125
349.495
342.475
341.112
341.178
338.03
334.827
334.239
334.091
330.825
330.863
336.212
337.446
339.84
334.275
336.631
337.174
332.158
333.219
330.51
330.886
331.771
326.159
328.926
330.012
332.833
334.026
340.051
343.969
349.822
353.462
353.537
350.07
349.934
353.368
351.806
350.787
350.027
353.662
349.979
349.399
351.945
353.22
355.356
356.677
357.549
362.754
365.96
361.115
361.067
365.362
367.385
361.711
360.261
359.891
360.033
368.007
374.756
376.287
375.603
376.648
378.21
382.267
389.808
390.832
395.11
396.363
397.685
399.088
398.052
399.295
400.747
400.769
399.451
388.807
387.666
394.79
392.957
393.98
391.777
393.248
387.442
393.91
390.803
396.245
391.044
394.673
399.368
392.297
386.712
386.707
389.419
388.633
392.489
394.375
391.257
388.87
391.764
398.298
391.975
389.821
391.975
388.799
388.465
389.617
392.387
394.485
394.054
392.005
391.557
393.347
391.937
397.034
403.869
402.928
403.629
401.791
401.289
402.98
401.429
396.873
401.3
396.122
389.87
386.692
385.278
392.002
390.167
387.754
387.968
388.216
387.735
389.213
386.698
387.799
390.721
387.653
388.505
385.78
388.144
384.245
385.118
389.46
380.803
381.282
371.753
365.687
365.647
363.683
359.235
363.41
361.113
359.931
357.074
357.188
357.506
356.734
360.046
357.344
357.687
360.473
362.214
362.705
360.332
361.13
366.719
364.2
367.383
360.907
360.867
356.744
363.947
367.198
362.09
362.561
369.272
366.448
368.418
364.821
367.829
367.741
364.523
365.156
371.799
376.142
383.524
379.944
383.43
382.755
379.404
387.798
388.981
387.184
386.935
383.942
383.912
384.091
379.843
380.723
377.712
381.373
379.425
377.447
377.94
375.498
375.436
373.664
375.055
377.815
385.797
381.824
386.051
381.446
386.478
384.425
384.073
374.561
380.298
375.169
374.925
372.401
376.774
369.835
372.713
373.741
373.32
367.273
364.696
362.468
369.516
369.787
374.807
370.991
371.281
365.007
366.637
366.131
368.318
371.707
374.955
381.195
382.601
380.939
381.607
381.72
379.866
381.455
384.574
388.105
393.502
392.067
392.492
389.066
399.929
398.66
398.467
397.489
391.136
398.94
406.197
399.759
406.926
403.377
410.317
404.354
409.298
403.256
403.148
408.448
405.656
407.477
411.53
413.451
409.169
411.223
414.421
404.37
404.337
403.532
403.988
409.831
407.836
408.3
414.364
413.31
415.368
415.785
411.064
412.918
407.532
414.088
413.544
418.055
414.994
418.608
415.485
420.944
421.511
420.655
423.232
421.427
424.952
426.633
431.944
432.028
428.718
433.35
436.95
433.292
435.299
436.876
435.138
435
419.772
423.927
425.642
424.248
432.066
430.621
429.705
429.031
430.362
427.172
429.861
434.256
443.221
438.943
432.002
437.413
438.378
435.438
441.643
440.851
441.173
451.508
442.846
438.607
444.588
443.124
452.104
446.331
451.203
450.816
445.362
449.711
446.006
444.5
447.333
450.914
447.768
450.967
455.692
458.31
466.532
467.179
466.807
468.725
465.013
466.221
474.756
475.174
486.888
484.909
484.387
477.243
468.663
473.174
477.666
482.147
479.666
484.492
490.653
495.744
496.07
502.245
502.472
512.324
510.005
509.153
514.715
511.904
516.153
529.288
533.539
541.475
544.148
546.798
535.246
536.471
537.407
532.463
528.891
540.05
548.473
554.702
559.357
568.203
563.778
564.179
570.082
569.082
568.299
568.475
571.188
567.436
569.205
578.935
582.247
589.944
589.948
592.123
596.629
609.004
612.385
609.752
621.773
633.588
629.924
641.407
647.531
645.811
649.163
655.133
655.763
659.111
667.826
677.966
693.684
705.656
718.081
711.508
711.161
698.348
706.368
706.365
705.245
711.251
710.207
717.265
730.253
733.309
731.763
729.455
721.927
731.11
736.104
741.969
744.456
739.084
739.225
745.91
749.766
760.648
762.221
761.188
761.759
769.077
764.464
770.925
766.829
767.451
773.962
790.641
804.428
821.034
827.171
837.67
851.528
854.824
849.666
842.288
838.979
855.123
850.719
853.94
865.047
878.805
887.219
899.475
897.896
905.934
912.893
920.066
927.978
941.067
951.409
961.17
970.829
973.41
978.127
990.961
995.707
1010.89
1029.29
1054.37
1078.06
1087.24
1107.42
1097.24
1115.6
1128.63
1139.98
1162.61
1184.88
1194.18
1191.3
1198.87
1193.55
1192.19
1193.79
1214.18
1245.88
1265.49
1276.16
1308.08
1313.22
1331.23
1368.07
1389.98
1400.12
1432.59
1423.49
1460.44
1508.1
1548.69
1565.14
1602.09
1637.17
1666.98
1703.37
1755.95
1766.01
1814.42
1872.96
1901.25
1931
1955.16
2037.35
2124.7
2144.69
2205.05
2267.77
2310.11
2373.06
2451.54
2545.21
2606.54
2683.44
2789.46
2938.04
3053.31
3144.72
3299.83
3449.3
3609.94
3741.05
3950.42
4216.48
4397.9
4614.78
4915.35
5215.35
5581.65
6017.93
6528.38
7020.77
7683.58
8477.39
9521.97
10654
12302.8
14357.2
17019.2
21303.8
28046.2
41866.1
82557
0
