21.7141
7.77695
4.21029
2.41372
1.58623
1.24043
0.844605
0.702689
0.629067
0.533727
0.444547
0.379401
0.340396
0.279847
0.229692
0.22658
0.227836
0.194406
0.170526
0.192824
0.155102
0.161358
0.12389
0.156887
0.127842
0.116671
0.107626
0.108404
0.101261
0.0924927
0.0989703
0.08301
0.0800752
0.0839051
0.0709498
0.0848174
0.0754825
0.0789237
0.0775625
0.0728731
0.0639224
0.0679783
0.0605815
0.0615082
0.0627372
0.0706614
0.0662379
0.0575156
0.0710752
0.0648093
0.0516472
0.06467
0.0646742
0.0608288
0.0704486
0.0596652
0.056305
0.0710418
0.0684574
0.0605232
0.074091
0.0689348
0.0663458
0.0717919
0.0808043
0.0723248
0.0796266
0.0730585
0.0809915
0.0772071
0.0868015
0.0883983
0.095128
0.121432
0.0950701
0.113681
0.113825
0.139059
0.127466
0.148568
0.161963
0.155261
0.200751
0.207312
0.216874
0.273951
0.266503
0.302095
0.372381
0.47359
0.555284
0.641374
0.728461
1.01181
1.43513
2.03788
3.30938
6.47327
18.3485
0
