4179.72
2065.28
1401.34
1041.67
843.257
711.666
602.774
546.676
498.462
457.014
418.637
391.96
363.349
344.757
321.267
306.063
288.303
277.191
270.138
261.127
259.691
252.191
244.432
233.896
232.059
226.137
215.017
207.71
203.793
198.16
193.624
192.241
189.295
187.967
181.882
182.057
175.332
174.456
172.338
171.443
168.598
166.327
161.132
160.46
162.791
161.366
160.708
158.191
156.766
150.266
150.393
152.626
149.774
150.997
151.434
154.181
154.651
152.315
157.208
156.916
155.417
157.726
158.262
158.539
161.296
161.336
161.869
168.763
172.598
177.321
180.67
185.227
187.315
194.673
203.522
206.45
214.229
213.549
224.721
229.569
237.653
244.67
260.3
271.983
289.143
300.46
319.264
337.192
360.857
396.057
437.334
492.92
545.452
627.699
731.493
902.313
1187.46
1742.72
3493.82
0
