0.505164
0.251936
0.127278
0.0892451
0.0770006
0.0602348
0.0484915
0.0319426
0.0292195
0.0421384
0.0176669
0.0198444
0.0340286
0.0408343
0.028619
0.0279372
0.0173015
0.0111541
0.0444044
0.00905405
0.0118454
0.011039
0.0284515
0.0107224
0.00561488
0.00421538
0.00996578
0.00678294
0.00381057
0.000370091
0.00852544
0.0142455
0.00558067
3.25097e-06
0.00939039
0.00105188
0.00970518
0.00266451
0.0053002
0.00447608
0.00121273
0.0011836
0.00105592
0.00302022
0
0
0
0
0
0
0
0
0
0.00187846
0
0
0.000964978
0
0
0
0
0
0
0
0.0078102
0
0
0
0
0
0
0
0
0
0
0
0
0.00365772
0
0
0
0
0
0
0
0
0
0.000886229
0
0
0.000521958
0.00181603
0.00141938
0
0
0.00772922
0
0
0.00218641
0.000290241
0
0
0.00314374
0
0.000380534
0.000804575
0
0.00211161
0
0.00376403
0
0
0
0
0
0
0
0
0
0.0103643
0
0
0
0.00229919
0.000881232
0.000495342
9.88652e-05
0
0.00620234
0.000617865
0
0.000100225
0
0.000467761
0
2.56513e-08
0
0.00204425
0.000537663
0
0
0
0
0
3.77e-05
0
0.000598757
0
0
0
0.00197773
0
0
0
0
0.00484057
0
0
0
0
0
0.00134066
0
0.00417565
0
0
0
0
0
0
0
0
0
0
0
0
0
0
0
0
0
0
0
0
0
0
0
0
0
0
0
0
0
0
0
0.000596824
0
0
0
0
0
0
0
0
0
0
0
0
0
0.000375239
0
0
0
0
0
0
0
0
0
0
0
0
0
0
0
0
0
0
0
0
0
0
0
0
0
0.00282131
0.00246819
0
0
0
0
0
0
0
0
0
0
0
0.000212795
0
0
0.000260532
9.18008e-06
0
0
6.76859e-06
0
0
0
0
0
0
0
0
0
0
0
0
0
0
0
0
0
0
0
0
0
0
0
0.00041361
0
0
0
0
0
0
0
0
0
0
0
0
0
0.000432716
0
0
0.000911699
7.63364e-06
0
0
0
0
0.000376182
0
0
0
0
0
0
0.00433441
0.00439532
0
0
0
0
0.000301668
0.000745418
0.00166044
0
0
0
0
3.74128e-05
0
0
0
0
0.000259807
0.00573546
0
0
0
0
0
0
0
0
0
0
0
0
0.00504149
0
0
0
0
0
0.00316117
0
0
0
0
0
0
0
0
0
0.00137222
0
0
0
0
0
0
0
0
0
0
0
0
0
0
0
0
0
0
0
0
0
0
0
0
0
0
0
0
0
0
0
0
0
0
0
0
0
0
0
0
0
0
0
0
0
0
0
0
0
0
1.58088e-05
0
0
0
0
0
0
0
0
0
0
0
0
0
0
0
0
0
0
0
0
0.000620827
0
0
0
0
0
0
0
0
0
0.000243158
0
0
0
0
0
0
0
0
0
0.000454158
1.14927e-07
0
0
0
0
0
0
0
0
0
0
0
0
0
0
0
0
0.00323506
0
0.00527981
0.00206713
0
0
0
0.000292696
0
0.00288777
0
0
0.0016682
0
0.00102013
0.00259524
0
0
0
0.00380681
0
0
0
0
0.000131413
3.47866e-05
5.33722e-06
0.00030483
0
0
5.07967e-05
0.000608317
0.000952692
6.12188e-05
0
0
0
0
0
0
0.000969699
0
0
0
0
0
5.04145e-07
0
0.0049488
0
0
0
0
0
0
0
0
0
0.00282327
4.28661e-07
0
0
0
0
0.000109283
0.00053131
0
0
0
0
0
0
0.00186174
0.00324002
0
0
0
0
0
0
0
0
0
0
0
0
0.0010696
0
0.000133162
0.000116574
0
0
0
0
0
0
0
0.000236959
0
0.00417987
0
0
0
0
0
0.00134961
0
0
0
0
0
0.00228102
0
0
2.2449e-05
0
0.000158625
0.00121741
0.00130663
0.00100315
0
0
0
8.14907e-06
0
0
0.000426871
0
0
0
0
0
0
0
0
0
0
3.77184e-06
0
0.0002133
0
0
0
0.000200175
0.000145067
0.00370725
0
2.13335e-05
0
4.30921e-05
0.000497381
7.14736e-05
0
7.23221e-06
3.22004e-06
0
0.000112916
0.00129016
0
0
0.000449104
0
0
0.000828455
0.00211268
0
0.000145985
0.00157242
0.000690449
0
0
0.000237341
0
0.0104321
0
0
0.000238818
0
0
0.000266576
0.000575743
0
0
0.00114306
6.53496e-05
0
4.31871e-05
0
0
0.000924681
0
0.0016608
0.000303839
0
0.000259316
0.000185645
0
0
0
0.000855713
0
0.000405204
0.000355192
0
0
0
0
0.000295252
0.000594974
0
0
0.00131347
0.00110368
0.00430697
0.00152387
0
6.9673e-05
0
0
0
0
0.00305432
0
0.0012207
0
0
0
0
0
0
0
0.00317185
0
0.00217112
0
0
0
0
0.000300006
0
0
0
0.00290476
0
0
0
0
0.00393244
0
0
0
0
0
0
0
0
0
0
0
0
0
0
0
6.05494e-06
0
0
0
0
0
0
0
0
0
0
0
0
0
0
0.000939228
0
0
0
0.000686291
0.000105207
0
0
0
0
0
0
0
0
0
0
0
0
0
0
0.00197347
0
0
0
0
0
0
0
0
0
0
0
0
0
0
0
0
0
0
0
0
0
0
0
0
0
0
0.000214552
0
0
0
0
0
0
0
0
0
0.00129214
0
0
0
0
0
0.000290034
0
0
0
0
0
0
0
0
0
0
0
0
0
0
0
0
0
0
0
0
0.00308737
0
0
0
0
0
0
0
0
0
0
0
0
0
0
0
0
0
0
0
0
0
0
0
0
0
0
0
0
0
0
0
0
0
0
0
0
0
0
0
0
0
0
0
0
0
0
0
0
0
0
0
0
0
0
0
0
0
0
0
0
0
0
0
0
0
0
0
0
0
0
0
0
0
0
0
0
0
0
0
0
0
0
0
0
0
0
0
0
0
0
0
0
0
0
0
0
0
0
0
0
0
0
0
0
0
0
0
0
0
0
0
0
0
0
0
0
0
0
0
0
0
0
0
0
0
0
0
0
0
0
0
0
0
0
0
0
0
0
0
0
0
0
0
0
0
0
0
0
0
0
0
0
0
0
0
0
0
0
0
0
0
0
0
0
0
0
0
0
0
0
