4.91946
2.20411
1.74542
1.33276
0.950668
0.843471
0.630579
0.627276
0.54318
0.658786
0.399921
0.423973
0.327663
0.31189
0.316946
0.39968
0.316952
0.242149
0.296278
0.306317
0.215011
0.217286
0.231391
0.172403
0.211171
0.195046
0.198978
0.158524
0.241149
0.141444
0.152756
0.149476
0.13447
0.105795
0.124083
0.156169
0.14055
0.134948
0.126214
0.105372
0.0778491
0.136336
0.163801
0.0863989
0.117508
0.127674
0.0974001
0.130616
0.115492
0.115656
0.0936096
0.103236
0.0753178
0.0886772
0.0550617
0.0638347
0.0535426
0.114341
0.0780295
0.0938408
0.12045
0.0896974
0.051515
0.0745518
0.0718606
0.0471269
0.0615322
0.0761764
0.0828549
0.0626691
0.0353348
0.107498
0.0381846
0.0800825
0.0984837
0.0481453
0.0564813
0.0940918
0.0600311
0.0514549
0.0792742
0.0758955
0.0723995
0.0860652
0.0768388
0.046087
0.0571764
0.0742698
0.0658348
0.0731324
0.0396198
0.033021
0.0660438
0.021165
0.0583138
0.0584984
0.0768002
0.0128324
0.0708121
0.0275131
0.0425594
0.0658934
0.0724264
0.0397467
0.0915782
0.0522994
0.0304084
0.0598882
0.10564
0.0130409
0.062275
0.0425107
0.03855
0.045688
0.0928076
0.0776449
0.017035
0.0423434
0.0105591
0.0171308
0.050253
0.0731806
0.0900562
0.036591
0.0320109
0.0475904
0.0278005
0.0229185
0.0170149
0.063485
0.0321388
0.0383765
0.0636479
0.037615
0.0453106
0.0281928
0.0377504
0.0221577
0.0158818
0.0261395
0.032091
0.0206441
0.0330539
0.0567276
0.00481103
0.0534352
0.0170771
0.0492706
0.0662628
0.00796603
0.0206076
0.0209298
0.0297426
0.0160205
0.0569235
0.0379099
0.0164328
0.0222598
0.0335277
0.0208993
0.00929888
0.0306289
0.0210794
0.0184089
0.00687359
0.0124423
0.0216801
0.0627818
0.0217943
0.0453315
0.0600834
0.0354803
0.0285754
0.0134292
0.0174171
0.0339989
0.00230871
0.0170846
0.0325642
0.0233377
0.0120678
0.0226044
0.0284441
0.0148241
0.0306228
0.0183535
0.0109339
0.010105
0.0220285
0.00423807
0.0349237
0.00636343
0.00880869
0.00312019
0.0275908
0.00955191
0.0142775
0.00975785
0.0090988
0.0280297
0.0114204
0.0092022
0.0212093
0.00722794
0.0195444
0.0355266
0.0230877
0.0180244
0.00734135
0.0170831
0.012808
0.0335024
0.0133445
0.0245324
0.00738825
0.00817752
0.0145017
0.0246356
0.0138682
0.0183506
0.0338409
0.0171411
0.0134972
0.0229448
0.0187226
0.0199554
0.00473963
0.0110277
0.0293663
0.00437413
0.0134259
0.0189591
0.0165821
0.0169548
0.0114119
0.0022091
0.00422454
0.0327514
0.0112885
0.0400074
0.0028476
0.0326382
0.0022543
0.00177362
0.0127015
0.0169304
0.0124182
0
0.0143037
0.00828776
0.0208192
0.0400897
0.0114904
0.022712
0.0263581
0.0199456
0.020989
0.0140922
0.023327
0.00311169
0.00849387
0.0431051
0.0235364
0.00853037
0.00720055
0.0170932
0.0115116
0.0290825
0.00950717
0.0198901
0.019556
0.011002
0.0247338
0.0229536
0.0333642
0.00422853
0.00517744
0.0190497
0.0125134
0.0122823
0.0223809
0.0146395
0.0143912
0.0276954
0.0308087
0.00495608
0.0326666
0.031521
0.0348476
0.0150047
0.019522
0.00873779
0.0248781
0.0178697
0.029143
0.0214278
0.00873525
0.0066739
0.0498021
0.0181764
0.0238002
0.0198435
0.000153388
0.0250407
0.0316164
0.00939735
0.0194462
0.00121866
0.0420757
0.0224771
0.0240819
0.0156755
0.0209933
0.0295334
0.0156195
0.00912825
0.0135536
0.0267569
0.0079632
0.012364
0.00403631
0.00286232
0.0192765
0.0165742
0.00494421
0.0354165
0.0232526
0.000168915
0.00968972
0.00361421
0.00745934
0.0185412
0.014338
0.00776631
0.00255255
0.00667608
0.0188451
3.76407e-05
0.00552343
0.00277314
0.0155964
0.0158235
0.00602088
0.0124906
0.0404142
0.0252027
0.00980621
0.0222641
0.0157077
0.000533634
0.00172075
0.0135602
0.00275874
0.0228938
0.0166852
0.0197708
0.00574149
0.00206285
0.0113496
0.00450961
0.00906196
0.000441534
0.0189051
0.00526057
0.00432649
0.00317272
0.00546287
0.00380474
0.0105532
0.00947358
0.00157634
0.0163426
0.0250704
0.00704787
0.00667772
0.0170304
0.0305772
0.0128383
0.00587366
0.0253897
0.0230302
0.00765352
0.0283416
0.0344461
0.0218729
0.0133898
0.0261464
0.00169655
0.0444671
0.0320407
0.0226578
0.00583496
0.0113611
0.0368111
0.0223181
0.0185827
0.00936949
0.0243361
0.0158133
0.00604802
0.0253142
0.0120029
0.0174476
0.00204053
0.0116487
0.0083245
0.0207258
0.0212994
0.00711841
0.0247637
0.00123021
0.0478593
0.0366114
0.0289196
0.00578312
0.0245058
0.0153145
0.0230517
0.0286601
0.00746221
0.0186724
0.0214505
0.0131041
0.00206473
0.0256033
0.0135363
0.024949
0.0151489
0.0158946
0.0179189
0.00293837
0.0185284
0.00689264
0.0436809
0.0252173
0.0220214
0.00528209
0.00466529
0.00914067
0.0397372
0.0185591
0.0143655
0.00926816
0.0273459
0.0261918
0.0158558
0.00229873
0.018768
0.0383295
0.0179445
0.00894716
0.000507753
0.0409501
0.0182125
0.0146856
0.00365974
0.0167884
0.0204144
0.0121891
0.0113232
0.0203451
0.00179103
0.0393871
0.0147844
0.0113361
0.0178803
0.0173139
0.0106247
0.0192511
0.0225213
0.0218645
0.00542851
0.0236209
0.0309418
0.00418764
0.0223961
0.0347857
0.0214166
0.0118065
0.0441082
0.0117956
0.0126727
0.030581
0.0240624
0.0193716
0.0106393
0.01172
0.00348455
0.0238959
0.017917
0.0084383
0.0256557
0.00455306
0.00939893
0.0103468
0.021622
0.0323516
0.0153825
0.0044167
0.0272498
0.0320041
0.00357076
0.0100305
0.00204923
0.000253295
0.0470116
0.0171497
0.0237041
0.0204414
0.0178037
0.0156085
0.0132911
0.0160728
0.0249292
0.0133592
0.0298256
0.033761
0.0132024
0.0294021
0.0315646
0.0288136
0.0218272
0.00620223
0.000525794
0.00463378
0.0176075
0.0177897
0.0202889
0.00563993
0.0117468
0.0183307
0.00411331
0.00413953
0.00795089
0.046172
0.0267845
0.00949782
0.00216988
0.0146265
0.011869
0.0062236
0.0146017
0.00420075
0.0115233
0.0240033
0.0248155
0.0154632
0.0184612
0.0153107
0.0247648
0.0281085
0.0142176
0.0111177
0.0157987
0.00628223
0.00803544
0.00386504
0.0404765
0.00658235
0.0362532
0.016336
0.0368801
0.0101506
0.0196542
0.0136807
0.0074641
0.0124066
0.019592
0.0300447
0.00882959
0.0535989
0.0132295
0.0171428
0.00585833
0.0136354
0.0178464
0.00563573
0.0099753
0.0197813
0.0119859
0.0313731
9.29624e-05
0.0398305
0.0250694
0.0186243
0.0296418
0.0321386
0.0336358
0.0504475
0.0411685
0.0436533
0.031313
0.000138997
0.0453956
0.00732041
0.00736724
0.017257
0.0132634
0.0191068
0.0117186
0.0222928
0.0261536
0.0176522
0.0458318
0.0230261
0.0162476
0.0183257
0.015644
0.00755228
0.0208184
0.0148538
0.00133475
0.00516332
0.00587299
0.00810306
0.020559
0.0076659
0.0244084
0.0306566
0.00875995
0.0191233
0.0142609
0.0288824
0.007303
0.00995885
0.0176651
0.0130988
0.0102695
0.0117442
0.00626962
0.00762949
0.0325481
0.0206856
0.0235722
0.043976
0.00517971
0.0220632
0.0149051
0.0141786
0.012267
0.00681521
0.0389073
0.0298221
0.0178334
0.0225418
0.0123247
0.00721187
0.0108967
0.0175147
0.0360479
0.0305516
0.0234452
0.0416807
0.037911
0.00856158
0.00924292
0.010126
0.0514846
0.0180846
0.0133547
0.00830951
0.020107
0.0190159
0.0379444
0.015783
0.0298221
0.0195368
0.0146706
0.00432184
0.0111034
0.00860995
0.0137613
0.0411559
0.034139
0.0170625
0
0.0246532
0.0706719
0.0187706
0.0604811
0.0225571
0.00931093
0.015124
0.0491828
0.0257034
0.0250567
0.0467255
0.034501
0.0309272
0.0176007
0.0244054
0.0546323
0.0648089
0.010562
0.0148294
0.0266464
0.0094119
0.00522809
0.0349409
0.025557
0.0298013
0.0368898
0.0148791
0.0159024
0.0446842
0.0345945
0.043854
0.0107233
0.0304775
0.0196642
0.0260417
0.0475546
0.00754302
0.01906
0.00969263
0.0150901
0.0375497
0.0433815
0.0098813
0.0424832
0.0138971
0.00453537
0.00508365
0.0178136
0.0466889
0.00502965
0.017315
0.00322919
0.0462358
0.0384147
0.0287935
0.0138078
0.0128255
0.0162593
0.0240587
0.0277197
0.0233868
0.0177446
0.0370936
0.0544913
0.0458052
0.0223547
0.0544227
0.00361246
0.023456
0.0443745
0.0206644
0.0116485
0.0321944
0.0258518
0.0708238
0.0378418
0.0373224
0.0233586
0.0147214
0.0426593
0.0241643
0.0290726
0.0302101
0.0213017
0.0502607
0.0363497
0.0512894
0.0257669
0.069209
0.0207605
0.0113312
0.0194792
0.0245477
0.0394266
0.00519691
0.0198136
0.020203
0.00289659
0.0299621
0.0226198
0.0192345
0.0279599
0.00899526
0.0236016
0.0330036
0.026206
0.0150245
0.0103533
0.0297689
0.0080099
0.0435853
0.0629374
0.0478281
0.00805263
0.0157791
0.011803
0.0180237
0.0282296
0.0259597
0.0105296
0.0171837
0.0275202
0.0196565
0.0136853
0.0108854
0.0427552
0.0197645
0.0276485
0.0512204
0.0275957
0.00559823
0.0104092
0.0220615
0.0585259
0.0301418
0.0319964
0.0286017
0.0193784
0.0454747
0.0114385
0.0607619
0.0171363
0.0364431
0.0308234
0.0408695
0.0421621
0.0128944
0.0448282
0.060988
0.0180329
0.0322595
0.0222843
0.04314
0.050796
0.0196363
0.0470963
0.0387558
0.0347278
0.0755402
0.0246105
0.00841161
0.0256022
0.0236515
0.0445774
0.0459227
0.0240285
0.0471985
0.0379352
0.0425662
0.054546
0.00696795
0.0367065
0.0287668
0.0539873
0.0598656
0.0515279
0.0407453
0.0321932
0.0864715
0.0307232
0.0366772
0.0183908
0.0411996
0.0525593
0.0452671
0.0360773
0.0438924
0.0716644
0.0267219
0.0395253
0.0455085
0.0362431
0.075703
0.0210346
0.0904927
0.0429845
0.0352701
0.0625199
0.0877617
0.035705
0.0236534
0.0536972
0.0223946
0.0505125
0.0433167
0.0427686
0.0458916
0.0513547
0.0585362
0.0366722
0.0688414
0.106436
0.0518026
0.111649
0.0624675
0.0842269
0.0938834
0.0856428
0.0644875
0.0826888
0.0836357
0.12231
0.0319139
0.0931484
0.080581
0.104831
0.0497796
0.0226299
0.0543739
0.0411094
0.0467654
0.106449
0.0850259
0.0762753
0.115124
0.0771502
0.104814
0.0550271
0.0614244
0.0638678
0.0609028
0.0707321
0.0635504
0.0967002
0.076462
0.091293
0.0521162
0.0658498
0.0866886
0.0963214
0.0881406
0.0637738
0.0556163
0.0754028
0.0775578
0.0632844
0.0546407
0.0603439
0.0569326
0.0656326
0.07351
0.104621
0.10982
0.085525
0.0524764
0.109645
0.158393
0.102267
0.115301
0.0999215
0.0929607
0.159882
0.162631
0.124751
0.102361
0.127975
0.118336
0.147035
0.137784
0.152089
0.143999
0.125341
0.146842
0.156602
0.183651
0.159511
0.0967036
0.16256
0.219501
0.159629
0.166978
0.123427
0.193676
0.116127
0.132868
0.16501
0.177591
0.203971
0.237497
0.164389
0.193328
0.212564
0.197536
0.231046
0.232134
0.210983
0.215147
0.336971
0.412507
0.324107
0.368774
0.367483
0.324646
0.404058
0.411736
0.568988
0.50194
0.845045
0.823076
1.01674
1.44876
2.28831
4.74342
0
