1512.74
808.563
518.023
408.793
324.553
277.651
259.624
223.678
203.628
175.981
174.846
156.157
135.275
129.02
110.319
102.188
96.6365
91.9099
87.6199
80.702
81.5035
76.9216
79.3096
73.2366
75.0037
69.0475
71.7955
67.9329
60.3744
58.0928
60.9662
59.5084
55.0712
52.0548
50.7247
45.4161
44.8963
42.5291
41.8126
43.3734
43.57
45.9994
43.4617
41.1007
36.9986
36.7704
37.3652
36.757
36.7427
36.2729
34.9064
35.1654
33.956
32.1498
29.7221
31.4124
31.4951
33.3272
34.232
31.2477
29.2641
31.6817
31.9692
29.7819
28.1489
30.1367
26.5724
25.9166
26.5593
26.5968
26.5598
26.8983
24.6112
25.1207
28.5478
30.5084
29.7042
30.9963
28.8891
27.1898
27.3827
26.3274
28.1728
29.7402
30.8026
31.0791
30.7571
27.9121
28.2304
28.2602
29.2331
28.9735
29.5133
29.0845
27.1964
26.5883
26.2638
26.8781
25.3459
26.7438
28.106
28.841
26.7717
28.242
27.9669
28.1854
28.0687
25.6847
23.8623
24.1128
23.9496
25.091
24.5732
24.2738
23.1611
22.6367
23.6072
23.284
23.9413
22.4963
22.9247
23.1744
22.7695
22.9357
21.9382
21.7439
21.7208
21.65
21.9194
21.9196
21.7198
22.0779
22.6389
22.3029
21.7785
20.1922
20.3711
19.2787
18.737
18.7385
19.0434
18.3088
18.4169
19.2302
20.0162
20.2187
18.2043
18.4216
20.0369
18.3822
18.1312
16.7079
14.9788
15.3064
16.0247
16.1744
17.4995
17.6027
16.2389
15.6532
15.7923
13.887
14.4701
14.7434
14.9715
13.7319
14.4353
14.3407
14.0537
14.6484
14.6974
13.355
12.4451
11.783
11.8208
11.6863
13.0259
13.5082
13.3789
13.4679
13.3089
12.9376
11.4968
12.4155
12.1398
12.0258
11.9788
12.1443
11.6207
11.3991
11.024
10.9782
11.9562
11.607
11.6613
11.905
11.778
11.392
12.7767
12.1502
12.7491
12.3287
12.2161
13.5102
13.2378
13.3602
13.4673
14.7681
13.1418
12.7135
12.4827
12.3968
12.6007
12.5244
12.1881
11.9542
11.5117
10.3232
10.5585
11.5979
11.8448
12.6367
12.5446
12.634
13.1129
12.977
13.7335
12.431
12.0763
11.4691
10.9579
11.0744
10.8248
11.3448
11.1303
11.4173
11.2467
11.4332
10.394
11.5534
11.6047
11.9256
11.554
11.3466
11.1014
10.2411
10.7954
11.1892
10.9469
11.2743
11.7123
11.3422
10.9417
10.9849
11.3331
12.1978
12.8329
12.3672
12.0349
11.3744
11.6145
12.2929
12.4489
11.6753
11.6296
11.6393
11.2838
10.3926
9.59242
8.9517
8.40289
8.70119
9.22312
9.39509
10.1914
9.71637
10.0079
9.92069
9.67608
10.0429
9.5325
9.28952
10.2357
10.4936
10.1444
10.4012
10.7276
10.5811
11.1792
11.6344
10.4159
10.3874
10.473
10.4263
10.6409
10.0664
9.29826
9.56468
9.51556
9.93488
9.82109
9.46819
9.77667
9.30009
8.74488
8.99237
8.49908
8.8534
9.48793
9.55182
8.99915
8.93275
9.24941
9.0581
9.51479
10.753
10.4223
10.5634
10.7572
10.992
10.2021
9.80255
9.75408
9.45379
10.0171
10.4066
9.8106
9.7529
9.52287
9.19157
8.40951
8.1939
7.98533
7.84305
8.33848
7.97606
8.12157
8.1097
8.04919
7.68437
7.35893
6.93727
7.02954
6.81117
6.60128
7.39915
7.44792
7.88839
8.38473
8.3092
8.87836
8.7167
9.2632
9.00152
8.71837
8.36664
8.78851
8.75149
9.00331
8.57859
8.473
8.48121
9.18058
8.37242
8.72382
9.81107
9.19275
9.29832
9.5492
10.0167
9.75994
9.64951
9.26639
9.51477
10.024
9.72194
9.0818
9.20721
9.69543
9.85048
9.40371
9.55113
9.56791
9.41676
9.39933
9.71421
9.84544
9.7913
10.3012
10.3715
10.1727
9.96459
9.24339
9.15259
9.80389
9.76669
10.1325
10.5964
11.8437
11.5493
11.7791
12.1361
11.7415
11.7597
11.5209
11.3532
10.9128
10.5761
11.2475
11.1211
10.6597
9.80454
9.84442
10.0226
9.87204
10.1384
10.2057
10.3653
10.0113
9.96786
9.97204
9.92934
10.0086
9.64086
10.3355
10.1828
9.8894
10.2498
10.3832
10.247
10.7342
10.6934
10.14
9.87852
10.2877
11.1353
11.46
10.8947
10.4564
10.3721
10.7839
10.9537
11.571
12.4176
12.0819
11.832
11.5031
11.885
11.4851
12.0193
11.9876
12.1928
11.5268
11.2961
11.2531
11.6578
11.8426
11.4869
11.724
11.976
10.9773
10.6957
11.0288
11.1321
11.8197
11.4483
11.7548
11.5436
12.1746
11.9566
11.1308
11.4616
11.1621
10.9112
10.9091
10.9759
11.577
12.9002
12.2599
12.1521
11.6411
11.3128
11.6027
11.4201
11.1022
12.0369
12.2085
12.3194
12.0643
11.9544
11.9952
11.7246
11.668
12.3349
13.1813
13.0735
13.0893
12.6106
12.6998
12.5837
12.0119
12.3814
12.7171
11.9107
11.8563
12.1737
11.8345
11.3254
11.2052
11.347
11.696
11.8451
11.6902
11.3992
11.4336
11.7497
11.2963
10.6225
10.8857
10.7465
10.903
10.8958
11.1812
10.9155
10.6583
9.74273
10.4034
10.2053
10.1137
10.328
10.195
9.88208
10.5732
10.9738
10.2581
10.1437
10.6312
10.4327
10.3184
10.5542
10.5987
11.1707
11.3729
10.8977
10.7825
10.8847
10.9948
11.1878
11.0211
11.8082
11.6503
11.4774
11.5841
11.6424
11.2258
11.3189
11.2523
11.4235
11.9334
11.7832
11.3933
11.9031
11.5993
11.2538
11.1017
11.0193
10.8704
10.7848
11.0957
11.2139
10.768
11.2381
11.3292
11.2189
11.3444
10.8953
11.0045
10.9625
11.4736
11.8238
12.3813
11.9553
12.3257
12.2223
12.9216
13.0982
13.4636
13.9484
13.4798
13.6404
13.7417
12.8449
13.1
12.9966
11.8536
11.9535
11.8445
12.4786
11.965
11.8813
12.2668
12.4544
12.9242
13.2748
13.147
12.6878
12.5656
11.4987
11.6508
12.3105
11.6476
10.5118
10.5392
10.7539
10.2
9.70125
9.81279
9.96694
10.4755
9.89062
9.89651
9.96495
10.1146
10.3445
11.2186
11.2038
11.5243
11.8899
11.4316
10.8827
11.0152
11.5095
11.8123
12.2356
11.7785
11.2626
11.4674
11.372
11.7776
11.244
11.4732
11.5448
11.287
11.2139
11.4332
12.2103
13.5709
13.8155
12.9749
12.7282
12.7712
12.9604
13.111
13.0913
13.3111
13.5764
14.04
13.2134
13.2214
13.1114
12.9129
12.8733
13.041
13.2699
13.725
13.8611
13.6877
14.3155
14.7922
14.1379
13.6404
13.0214
13.3045
13.0706
13.9841
13.9591
14.6175
15.0388
14.7215
15.3792
15.6978
15.783
16.9633
16.8474
16.2709
16.0604
16.4056
16.2206
16.0693
16.8146
16.3793
15.958
16.2724
16.1158
16.1984
15.1855
15.638
14.9075
15.083
15.7762
15.8868
15.2477
14.7846
14.3137
14.3641
14.2292
12.9388
13.3329
12.9601
14.2194
14.1389
13.6185
13.8294
13.3982
14.0091
14.0872
14.0883
13.3599
13.0299
12.867
13.2346
12.7385
12.6528
12.6311
13.3544
14.3821
14.1998
13.7458
14.3269
14.1138
14.2001
14.0137
14.1052
13.1633
13.6174
12.7454
13.8708
14.5424
14.7231
15.1146
16.0205
16.2387
17.1317
17.0785
16.1456
16.3395
16.394
16.4958
15.7531
16.2059
16.0317
15.4513
15.8194
15.808
15.7294
14.7093
14.3657
13.545
13.5056
15.143
16.0254
15.5464
16.0259
15.8932
15.1075
13.8565
13.0069
13.2374
13.1306
13.9483
13.6132
12.4054
11.6979
11.4884
11.3983
12.084
12.684
12.547
12.3305
12.1829
12.3792
13.0032
13.388
12.8589
12.657
12.0692
12.1558
10.8387
11.0592
11.4218
11.5871
12.1768
12.248
11.878
12.1361
12.5535
12.9882
12.4832
12.8421
14.2715
15.643
16.8129
15.6928
15.2515
15.6949
16.5838
17.2638
17.6008
18.1685
18.1286
17.9384
17.2814
17.4778
17.5612
18.5935
17.4626
18.6285
19.4338
19.0681
18.9936
18.3143
18.5238
18.0751
18.1153
17.7094
17.0127
17.3122
18.3033
17.6459
17.096
16.5391
16.7394
16.9713
16.6597
17.8424
18.5011
19.4399
19.2632
19.87
19.6619
18.5427
19.1001
19.1459
19.0998
19.8363
21.0172
20.9061
20.8613
19.8649
19.1145
19.4788
20.2343
20.8701
20.5241
20.8217
21.5262
22.8329
21.8472
21.4804
22.1211
22.9361
23.893
24.1545
26.113
24.7992
24.8978
25.8735
25.7882
28.0341
29.2003
28.4898
27.2989
27.0511
27.6704
27.2287
26.2558
26.7233
27.5499
29.004
27.8498
28.0693
29.77
28.8905
28.724
29.5178
32.2414
31.2042
32.2133
31.6755
33.8337
32.5228
32.5064
33.0237
30.9964
33.4807
33.4873
33.7209
34.4934
35.3076
36.1758
35.4608
37.7411
37.1569
35.9388
35.5567
37.0379
37.3451
36.8492
34.4184
36.5972
35.3647
34.2809
35.2216
38.3833
38.7904
38.0559
38.5599
38.1378
38.4945
39.5562
38.2531
36.5095
36.8583
34.3995
34.0211
32.5367
32.2558
33.8737
33.6754
37.5915
38.8445
39.8222
40.3859
42.928
42.2286
41.4014
43.138
45.2395
46.6559
44.5088
47.0339
46.7106
46.199
47.2849
50.4845
49.7733
47.5429
46.6751
49.7091
50.741
55.4846
57.587
59.4307
57.9043
58.7857
54.1765
53.7054
52.6927
53.0729
52.8367
55.4263
54.5798
53.9819
57.2367
60.9014
57.3215
54.3802
55.6281
58.9172
63.0804
59.3363
65.3383
59.5859
60.1487
63.3147
66.4712
67.227
71.6716
65.1154
74.2378
80.2904
77.6444
87.9523
91.6903
97.9798
108.151
121.301
126.577
131.123
139.768
150.693
158.053
191.174
227.157
270.701
333.965
492.551
765.062
1454.41
0
