1.10147
0.545205
0.395897
0.308117
0.316525
0.191267
0.158303
0.146271
0.194421
0.182808
0.167562
0.0722238
0.132383
0.0629537
0.141074
0.0834033
0.103703
0.13558
0.121762
0.0336641
0.0598162
0.0406389
0.0818119
0.0235263
0.0499299
0.0578181
0.0409967
0.0055661
0.035848
0.0311424
0.0745306
0.0301161
0.0366795
0.0516364
0.0268356
0.0404151
0.0222099
0.00903983
0.0049343
0.0254057
0.000179042
0.0275884
0.0516898
0.00472752
0.00473255
0.0242106
0.024803
0.0195586
0.014845
0.0297381
0.000524562
0.0121712
0.000618532
0.0171696
0.0309413
4.411e-06
0.0132299
0.0114875
0.00285309
0.0280526
0.0108407
0.00128948
0.031725
0.00610746
0.0167725
0.000397989
0.0168389
0.00799333
1.12315e-07
0
0.00596892
0
0.0109801
0.0229566
0.0143092
0
0.0182192
0.00492579
0.000313525
0.00300367
0
0.0112789
0.00112506
0.00651131
0.0167638
0.0103284
0
0.0063479
0.0108965
0.0130485
0.00841725
0.0161138
0.0419093
0.00196593
0.000105761
0
0
0.00976228
0.0139953
0.00194006
0.00825059
0
0
0
0.00840382
1.54845e-05
0.00277584
0
0
0.000181837
0.0103733
0
0
0
0
0.00864273
0
0
0.00842943
4.70443e-05
0.0119619
0.00134798
0.000280696
0.000909819
4.27212e-05
0
0
0.000162727
0.00652529
0.00223093
0.000638883
0
0
0.00164697
0
0
0
0
0.00295711
0
0.00018287
0
0
0.000279625
0
0
0
0
0.00112562
0
0.00489862
0
0
0.00127843
5.36861e-05
0
0
0.00101312
0.00794249
0.0016697
0
0
0
0
0.000272902
0
0.00465701
0
0
0
0
6.90474e-06
0.0126818
9.04526e-07
0.00011943
0.0132447
2.16733e-05
0
0
0.00406253
0
0
0.000609733
0.00227108
0
0
0
0
0.00893951
0
0.00388824
0
0
0
0
0
0
0
0
0
0
0.0091146
9.79517e-05
3.52386e-06
0
0
0
0.000283881
0
0
0
0
0
0
3.10889e-05
0
0.000969516
0
0
0
0
0
0
0
0
0
0
4.22209e-05
6.74273e-05
0
0
0
0.000481902
0
0
0.000258182
0
5.41424e-05
1.57389e-07
0
0
0
0
0
0
0
0
0
0
0
0
0
0
0
0
0
0.000428443
0
0
0
0
0.000625338
0
0.00136765
0
0
0
0
0
0
0
0
0
0
0
0
0.00118313
0
0
0
0
0.000748877
0
0
0
0
0
0
0
0
0
0
0.000847252
0
0
0
0
0
0
0.000170461
0
0
0.00148887
0
0
0
0
0
0
0
0.00522239
0
0.00046005
0.00022031
0
0
0.0061178
0
0
0.00469849
0
0
0
0.000174242
0
0.000814039
0
0
0.00026696
0
0
0
0
0
0.000337658
0
0
0
0
0
0
0
0
0
0.000150838
0.0164278
0.00448698
0.00770312
0
0
0.00612013
0
0
0
0
0
0
0
0
0
0
0.000120127
0
0
0
0
8.57826e-05
0
0.00142459
0
0
0.0214022
7.32855e-05
0
0.00996524
0.00864377
0
0.000101618
0.000565173
0.00228492
0.000219799
0.00219363
0.00266278
0
0
0.0151222
0.00705815
0.000368701
0
0
0.00754651
0.000718433
0
0
0
0
0.00282814
0.0153442
0
0
0
1.45947e-05
0.000727736
0
0
0.00342597
0
0.00686302
0.00107786
0
0
0
0
0
0
0.00223897
0.0155556
0
0.0139677
0.0016482
0
0
0
0
0
0.036767
0
0.00123643
0.0137834
2.52799e-06
0
0
0.00321753
5.45339e-06
0.00391393
0.000939719
0
0
0
0
0
0
0.00274265
4.41304e-05
0
0
0.0116424
0.00884814
0
0
0.000783119
0
0.00548969
0
0
0
0.0120927
0
0.020801
0.000313329
0.000149965
0
0
0
0.000720898
0
0
0.0039524
0.0168172
9.2635e-05
0.00016747
0.00252721
0
0
0.00826301
0.000465194
0.000409019
0.0150141
0.00641934
0.00277304
0.0105617
0.000314826
0.0232851
0.00136315
0.0101786
0.0049597
0.00944442
0
0.0050054
0
0.00085195
0.00102605
0.000777738
0
0.0126294
0.0111186
0.00478196
0
2.21291e-05
0.00748162
0
0.00506181
0.00126197
0.000971688
0
0.000971688
0
5.73973e-05
0
0
0
0.0147351
0.00678401
0
1.55054e-05
0.000741996
0
0.000982738
0.00266296
0.00777552
0
0
0.00270115
0.000245035
0.00200246
0.0425163
0
0.0176471
0
0.00799444
0.004598
0.00410132
0.00107479
0
0.0259863
0
0
0.00348003
0.012962
0.0136328
0
0
0.0113659
0
0.000467063
0.00887283
0.00505804
0.00191177
0.00994185
0.00219821
0
0.00609217
0.00948294
0.00973132
0.00575093
0.0202145
0.00709458
0
0.0207642
0
0
0
0.000808793
0
0.00267831
0
0.00304751
0
0.00337237
0.00186934
0.00263811
0
0.0129222
0
0.00404529
0
0.000242315
0.00456454
0.0134819
4.67165e-05
0.00757279
0.00023192
0.00356676
0
0.0071153
0.00362996
0.00213158
9.27588e-05
0.00184918
0.0115349
0
0.00937029
0
0.000111323
0.0119713
0.0174569
0.00380525
0
0
0
0.00145911
0.015429
0
0
0.00203834
0.0113081
0.00235332
0.00670585
0.0209684
0
0
0.0154031
0.00600411
0.016524
0.00103887
0
0.0147829
0.00870923
0.00406286
0.0256764
0.00087616
0.00497797
0.00269965
0.011136
0.00527312
0
0.0121668
0.000596366
0
0.00905903
0.00408389
0.0136984
0.00980284
0.017183
0.000132859
0.00516303
0.0219679
0.00672926
0
0
0
0.00100389
0.0139397
0.00271058
0
0.00304762
0.00150781
0.0157538
0.00374394
0
0.00826629
0.00331965
0
0.027472
0.000346682
0.00276679
0.0210193
0
0.020216
0.00327493
0.000663091
0.00544433
0
0.0169857
0.00298073
0.0121595
0.00985767
0.0107713
0.0121096
0.0248518
0
0
0
0.00782169
0.000842754
0.007153
0.0148819
0.00975833
0.0221211
0
0.0200479
0.00929041
0.00441775
0
0.00111967
0.0111742
0.0116377
0.00397969
0.0049371
0.0141451
0
0.00384717
0
0.0104234
0.0306348
0.00293235
0.000726842
0.00758134
0
0.0186304
0.00397364
0.000203647
0.00256758
0
0.00207075
0.0133168
0.0165626
0.00538768
0
0
0
0
0
0.00042009
0.00240212
0
0
0
8.68155e-05
0.000674317
0
6.90065e-06
0
0.00976656
0
0.00156841
0
0
0.00346909
0.0108439
0.000164835
0.00102526
0.000275766
0.000173565
0.00781351
1.51011e-05
0
0
0.015152
0.00500062
0
0.0132762
0
0.00698482
0.00382367
0.00431756
0.00138913
0.000165739
4.69884e-05
1.89775e-07
0.000628075
0
0.0199275
0.00101165
0.00415651
0
0.00401536
0
0.000619464
0.010593
0.0227058
0.00666097
0
0.00479126
0.00264867
0
0.015462
0.00205718
0.000170847
0.00283743
0.0149654
0.0101304
0
0
0.00165559
0
0.020339
0.0149943
0.00600166
0.00749579
0
0
0.00581082
0.000728306
0.000463471
0
0
0.00369562
0.00475987
0.0134837
0
0
0
0.000256493
0
0.00731486
0
0.0217819
1.11664e-06
0.000907998
0
0
0
1.84239e-05
0.00280089
0.0140306
0
0
0.0135804
0.000108168
4.05966e-05
0
0.00299808
0.0043957
0
0
0.00240795
0.000523778
0.00362422
0.00151876
4.65972e-05
4.10473e-05
0.00254344
0.00153383
0.00477483
0
0.00677709
0
0
0.00452811
1.53e-06
0.00248328
0.00141321
0.000603224
0.000133777
0.00630207
0.00118229
0.00262758
0.00198806
0.00705568
0
0.00466012
0.0025241
0
0.00124422
0
0.000717782
0.0114844
0.0180663
0.00296565
0
0.0104576
0
0
0.0153915
0.000831325
6.02206e-05
0
0.00581526
0.00434494
0.00469683
0.00859082
0
0
0.0156021
0.00407241
0.000432492
0.00202896
0.00165156
1.92562e-10
0.0108588
0.0117034
0.0008493
0.00116797
0.0158278
0.00118809
0
0
0
0
0
0.0145173
0.00119212
0.00947321
0.00847713
0.0122675
1.96938e-06
0.00280629
0.00224022
0.00109262
0.0160614
0
0.00702815
0.000286631
0.00343152
0.0175629
0.0176649
0.0186659
0.00939734
1.60312e-05
0.0261481
0.00827111
0.0115871
0.00167478
0.00487057
0.00219033
0.0298952
0.0051135
0.0210074
0.0194919
0.0139546
0.0213123
0.0665227
0.00899367
0.000142358
0.00161294
0.0265455
0.0305301
0.00287051
0.0119652
0.0050327
0.0124557
0.0125616
0.0421818
0.00780796
0.0140986
0.0264852
0.0283347
0.0396629
0.0153162
0.0260075
0.00592108
0.0299305
0.00982074
0.00173767
0.0124196
0.0203425
0.0234123
0.0140145
0.0338442
0.0183748
0.0244644
0.000752776
0.0196938
0.0423492
0.0175347
0.0198367
0.0307422
0.0211754
0.0320024
0.0684538
0.022344
0.0240986
0.0274034
0.0186927
0.0344795
0.0412347
0.000958669
0.0295815
0.0268665
0.006071
0.0559255
0.0326517
0.0330195
0.0812868
0.043725
0.0185881
0.0285551
0.0456917
0.0334306
0.0309721
0.027811
0.0702283
0.0595141
0.0478375
0.0559967
0.0419947
0.065387
0.0608133
0.0189738
0.0514748
0.0723264
0.0376346
0.0746629
0.0593782
0.096086
0.0760048
0.105236
0.134273
0.0553429
0.145277
0.113663
0.177187
0.135732
0.188967
0.242054
0.35125
0.634172
1.6241
0
