46.5348
16.2893
8.30742
5.09067
3.41586
2.44135
1.8588
1.51039
1.16309
0.928683
0.781872
0.650358
0.549019
0.452885
0.433156
0.363256
0.330085
0.30688
0.272718
0.237069
0.212585
0.18964
0.181583
0.17349
0.144514
0.155766
0.141355
0.119996
0.108791
0.0961397
0.108794
0.102275
0.0995159
0.0845998
0.0812171
0.0882098
0.0740266
0.0638429
0.0691085
0.0599791
0.0548804
0.0603241
0.0550287
0.0524914
0.0545989
0.0476512
0.0453299
0.03888
0.040143
0.0392535
0.0417181
0.0367827
0.039094
0.0351167
0.0324135
0.0317055
0.0282143
0.0364394
0.0292474
0.0284048
0.0308385
0.0305765
0.0269448
0.0260361
0.0231226
0.026394
0.0218917
0.0207902
0.0210029
0.0218016
0.0201914
0.021651
0.0165712
0.0212815
0.0201286
0.0189114
0.0184617
0.0168455
0.0183215
0.0195889
0.0168185
0.0176993
0.0169509
0.017595
0.0154559
0.0155083
0.0161128
0.0157617
0.0149995
0.0140742
0.0117508
0.0141359
0.0150766
0.012212
0.0108861
0.0100112
0.0115841
0.0118592
0.0101257
0.00968813
0.0128138
0.011862
0.0104017
0.0102668
0.0106641
0.00792449
0.00866073
0.011496
0.00966394
0.00940868
0.00829665
0.00844653
0.00621058
0.00957033
0.00946225
0.00612359
0.00803717
0.00940031
0.00799526
0.00854863
0.00880267
0.00819777
0.00782449
0.0078875
0.00873471
0.00727402
0.00735393
0.00814313
0.00605063
0.00854191
0.00709318
0.00695511
0.00807018
0.00652599
0.00633695
0.00743983
0.00625532
0.00590395
0.00607448
0.00561917
0.0073442
0.00633122
0.00579202
0.00624251
0.00522617
0.00505982
0.00505271
0.00530028
0.00555966
0.0056095
0.0058735
0.00516015
0.00567259
0.00773087
0.00670475
0.00502187
0.00489202
0.00593523
0.00423394
0.0043423
0.00543179
0.00484965
0.00421791
0.00494242
0.00325414
0.00461158
0.00523993
0.00351176
0.00404187
0.0045259
0.00538021
0.00543199
0.00527224
0.00436834
0.00450488
0.00485266
0.00421366
0.00403952
0.0052648
0.0037715
0.0044498
0.00350902
0.00368218
0.00365231
0.00373901
0.00418215
0.00337916
0.00404539
0.00318441
0.00361032
0.00318927
0.00357623
0.00344945
0.00313445
0.0045466
0.00427193
0.00352299
0.00360942
0.00386987
0.00330281
0.00406227
0.00412551
0.00337701
0.00346751
0.00301096
0.00274103
0.00327861
0.00316617
0.00373689
0.00431364
0.00321041
0.00296548
0.00307533
0.00316147
0.00302602
0.00325256
0.00349488
0.00340395
0.00280693
0.00324115
0.00305232
0.00287861
0.00324831
0.00273877
0.00276258
0.00395688
0.00264855
0.00296609
0.0033078
0.00276183
0.00298354
0.00256203
0.00254399
0.00321332
0.00358225
0.00269924
0.00287461
0.00296353
0.00266065
0.00292044
0.00302957
0.00249192
0.00233067
0.00241687
0.00292354
0.00192346
0.00248367
0.00289064
0.00234651
0.00250431
0.00252371
0.00255907
0.00330602
0.00277378
0.00236176
0.00253728
0.00242339
0.00311434
0.00229599
0.00217918
0.00230931
0.00293372
0.00281095
0.00285758
0.00206701
0.00187966
0.00153087
0.00190929
0.00302348
0.00186364
0.00226847
0.00218038
0.00305321
0.00208595
0.00277435
0.00202871
0.00198635
0.00210303
0.00226372
0.00247109
0.00207975
0.00180609
0.00215469
0.00226064
0.00206102
0.00209928
0.00206678
0.00258649
0.00196495
0.00237782
0.00189909
0.00177566
0.00253651
0.00185827
0.00140939
0.00190158
0.00205474
0.00208724
0.00202269
0.00164694
0.00175491
0.00181395
0.00221877
0.0022386
0.00175074
0.00225622
0.00117638
0.00189316
0.00185438
0.00229283
0.00219174
0.00117043
0.00193235
0.0030842
0.0017018
0.0021271
0.00184417
0.0018658
0.00233431
0.00165451
0.00215153
0.00166178
0.00240233
0.00197435
0.00136957
0.00201154
0.00165814
0.00149627
0.00164905
0.00179061
0.00196482
0.00184377
0.00123254
0.00165334
0.00137499
0.00161775
0.00168493
0.00132142
0.00148381
0.0019605
0.00154664
0.00144592
0.0014706
0.00122613
0.00145111
0.00200719
0.00134818
0.00143762
0.00210171
0.00135506
0.00196968
0.00157267
0.00154961
0.00210478
0.00163182
0.0016235
0.00129637
0.0012695
0.0013935
0.00124711
0.0012987
0.0011547
0.00153447
0.00159042
0.00115598
0.00133369
0.00180008
0.00154669
0.00157251
0.00156363
0.00136265
0.00164322
0.00149268
0.00119417
0.00147421
0.00178484
0.00141756
0.00180704
0.00153655
0.00154047
0.00131186
0.00178962
0.00150691
0.00164887
0.0013985
0.00133912
0.00202366
0.00134417
0.00154322
0.00152111
0.00093448
0.0014145
0.00123254
0.00140801
0.00122973
0.00129193
0.00133745
0.0012584
0.00137846
0.00100812
0.00157684
0.00120832
0.00169108
0.00135141
0.00136348
0.00137715
0.00150106
0.00112452
0.00133676
0.00201938
0.00164492
0.00136677
0.00129398
0.00110856
0.00181108
0.00119584
0.00164782
0.001388
0.000978162
0.00112093
0.00148533
0.00113149
0.00118457
0.000988626
0.00146113
0.00160349
0.00152404
0.00148912
0.00115458
0.00179918
0.00135577
0.00125567
0.00149263
0.00157302
0.00190903
0.00157169
0.00137777
0.00133937
0.00115254
0.00130941
0.00150747
0.00121473
0.0012651
0.00171813
0.00129963
0.00169275
0.00110649
0.00165844
0.00140415
0.00117186
0.000922181
0.00171677
0.00179125
0.00129926
0.00151906
0.00154653
0.00133412
0.00169756
0.00136746
0.00114622
0.000829995
0.00137632
0.0013246
0.00148076
0.00124917
0.0012918
0.00199591
0.00146044
0.00163143
0.00104875
0.00153275
0.00135892
0.00182021
0.00126594
0.00191793
0.00172236
0.00099422
0.00134655
0.00177372
0.00105805
0.00146058
0.0020847
0.00171033
0.00146331
0.00126637
0.00161737
0.00157192
0.00145111
0.00108399
0.00184447
0.00179227
0.00218825
0.0011323
0.00183037
0.00139571
0.00166472
0.0015017
0.00126887
0.00129416
0.00137764
0.00149708
0.00144829
0.00172148
0.00156491
0.00181753
0.00148098
0.00189266
0.00150262
0.00187927
0.00192546
0.00196052
0.00210135
0.00113008
0.00137229
0.00160179
0.00169122
0.00153915
0.00164989
0.0016096
0.00143328
0.00210007
0.00166138
0.00266301
0.00154897
0.00129858
0.00161428
0.0012896
0.00147655
0.00192881
0.00157129
0.00164611
0.0020108
0.00162492
0.00138966
0.00178974
0.00130998
0.00150145
0.00176891
0.00175681
0.00155949
0.0018553
0.00169407
0.00183203
0.00126373
0.00184514
0.00140876
0.00184418
0.00244591
0.00185151
0.00159544
0.000955022
0.00132385
0.00149677
0.00166268
0.00141155
0.00177806
0.00131996
0.00156033
0.00144776
0.00236673
0.00182788
0.00189935
0.00143191
0.00144247
0.00136801
0.00149159
0.00142588
0.00132263
0.000984351
0.00145661
0.00163169
0.00130052
0.00130866
0.00169519
0.00149557
0.00180732
0.00179829
0.00132698
0.00154756
0.00161005
0.00153917
0.00146422
0.00164435
0.00149738
0.00164922
0.00114504
0.00165819
0.00158467
0.0016767
0.00112664
0.00143639
0.00165625
0.0012937
0.00179151
0.00172215
0.00118178
0.00145799
0.00169334
0.00134565
0.00145118
0.00145146
0.00140621
0.00152857
0.00124506
0.00109938
0.00153102
0.00157257
0.00159149
0.00153799
0.00166186
0.00181263
0.00133292
0.00197675
0.0023044
0.00145453
0.0018517
0.00195831
0.00224092
0.00163377
0.00151148
0.00176857
0.00134851
0.00154158
0.00122084
0.00153895
0.0012616
0.00158146
0.00168529
0.00165928
0.00145154
0.00171774
0.00205837
0.00203732
0.00191121
0.00148197
0.00166781
0.00195324
0.00141405
0.00197879
0.00181415
0.00154304
0.0016447
0.0017822
0.00193341
0.00176058
0.00150251
0.00181016
0.00189826
0.000962465
0.00164399
0.00160931
0.00177916
0.00123769
0.0019511
0.00195728
0.00166473
0.00244908
0.0019997
0.00125604
0.00173208
0.00154096
0.00153622
0.00139114
0.00180547
0.00208983
0.00160411
0.00159999
0.00127011
0.00150066
0.00169861
0.00169202
0.00176292
0.0019253
0.00185074
0.00159273
0.00213785
0.00191718
0.0021548
0.00142996
0.00164971
0.00240733
0.001522
0.00205327
0.00285243
0.00159911
0.00180201
0.00162443
0.00143014
0.00152452
0.00196927
0.00209883
0.00154669
0.00187697
0.00197837
0.0016764
0.00284147
0.00175305
0.00195727
0.00164752
0.00249699
0.00193709
0.00177176
0.00152432
0.00150044
0.00195599
0.00208866
0.00269547
0.0023811
0.00224329
0.00296921
0.0019328
0.0016699
0.00244053
0.0020559
0.00196961
0.00306545
0.00187718
0.001698
0.00266178
0.00227869
0.00221521
0.00234998
0.00198699
0.00221369
0.00165827
0.00161338
0.00256277
0.00217892
0.0023458
0.00240574
0.00214694
0.00223617
0.00241633
0.0030653
0.00224482
0.00225631
0.00178361
0.00223924
0.00192662
0.00198305
0.00176259
0.00233168
0.0025457
0.00190785
0.00258668
0.00222509
0.00211664
0.00202071
0.00221351
0.00248889
0.00204988
0.00177486
0.00317714
0.00193049
0.00200171
0.00283712
0.00239674
0.00232207
0.0023198
0.00170918
0.00276933
0.00211788
0.00298575
0.0026232
0.00243804
0.00231276
0.00255758
0.00233007
0.00263852
0.00208879
0.00325905
0.00304503
0.00235103
0.00167251
0.00295511
0.00310577
0.00186926
0.00183002
0.00337273
0.00272269
0.00277414
0.00242593
0.00267103
0.00263576
0.00322929
0.0027114
0.00272776
0.00218104
0.00286751
0.00265423
0.00341296
0.0032753
0.00281285
0.00263247
0.00284629
0.00294079
0.00374656
0.00276864
0.00323058
0.00308733
0.00271141
0.00339659
0.0034259
0.00283909
0.00307221
0.00360056
0.00365803
0.00321088
0.00298723
0.00320209
0.0045859
0.00385397
0.00460988
0.00440725
0.00417764
0.00268135
0.00363444
0.00428711
0.00441703
0.00298719
0.00390266
0.0038264
0.00347256
0.00365051
0.00399275
0.00371486
0.00345543
0.00404702
0.00370351
0.00393767
0.00516708
0.00503124
0.00433384
0.00419343
0.00443244
0.00510674
0.00387299
0.00485559
0.0037873
0.00490492
0.00489167
0.00535495
0.00516276
0.00491873
0.00535091
0.00518418
0.00429699
0.00547179
0.00540932
0.00608528
0.00508417
0.00506601
0.00571741
0.00578826
0.00446774
0.00652061
0.00600949
0.00472039
0.00709015
0.00476586
0.0058688
0.00532476
0.00577329
0.00631879
0.00671269
0.00778563
0.00785786
0.00661147
0.00720258
0.0061412
0.00811173
0.00541763
0.0069102
0.00475219
0.00681263
0.0071642
0.00723852
0.00724888
0.00780954
0.00719589
0.00887084
0.0073924
0.00728783
0.00742923
0.00808242
0.00841581
0.00857089
0.00781506
0.00922007
0.00885274
0.00825001
0.0119284
0.00926237
0.0108059
0.0113012
0.00947072
0.00954839
0.00871837
0.00717974
0.01142
0.0107859
0.00993927
0.00872341
0.0102469
0.011852
0.0126041
0.00967548
0.0119724
0.01115
0.0117638
0.0129435
0.0117163
0.014122
0.0115013
0.0119786
0.0128807
0.0134148
0.0133792
0.0157447
0.0136764
0.0138805
0.0164778
0.0142565
0.0156125
0.0161877
0.0204302
0.0171399
0.0206823
0.0168509
0.0194926
0.01794
0.0195382
0.0183501
0.0209772
0.020096
0.0188971
0.0210886
0.0256028
0.0189288
0.020632
0.0259879
0.0244384
0.0267328
0.0265845
0.0316083
0.0316533
0.0313696
0.0311499
0.0342108
0.0318793
0.0353041
0.0396779
0.0442747
0.0448628
0.0431989
0.0445066
0.0485857
0.0522245
0.0483454
0.0573726
0.0524652
0.0637779
0.0656493
0.0712336
0.0663721
0.0723306
0.0814909
0.0836857
0.0852589
0.0934462
0.0953427
0.110041
0.120523
0.127997
0.133838
0.144391
0.161478
0.189977
0.196779
0.215251
0.239025
0.249392
0.272917
0.311733
0.368455
0.433618
0.488275
0.599803
0.711243
0.806909
1.00833
1.32287
1.68162
2.18725
3.1009
4.74785
7.76796
14.3862
41.3169
0
