87342930
81182750
76874236
73512612
70994480
68895122
66989120
65608479
64130152
62738706
61527909
60428297
59604553
58566755
57761369
56849467
56126997
55327927
54746090
54001053
53553695
52951288
52543266
52077720
51579896
51145933
50694911
50249526
49793923
49376115
49085071
48567390
48168492
47784374
47470086
47308137
47072935
46694506
46318348
46032309
45783442
45616517
45280677
44995534
44632000
44426553
44168975
44031836
44095622
43820434
43489507
43269193
43137014
42933279
43005338
42752222
42500107
42191179
41991854
41726354
41547440
41359420
41175551
41097463
41132946
41067936
40885940
40751231
40581030
40976924
40771911
40685901
40400485
40235153
40123499
39925045
39895377
39900419
39846750
39700840
39632803
39534234
39477927
39456848
39350225
39030285
39019766
38946022
38933095
38822218
38749885
38645266
38598356
38426428
38307622
38205666
38185991
37876961
37966943
37985970
37716846
37712803
37692336
37783567
37686556
37617771
37580929
37423714
37408452
37329175
37295063
37207726
37191716
37082761
37075660
36943045
36703014
36697702
36531081
36471782
36400530
36380269
36362803
36391274
36454888
36414605
36344941
36112277
36075632
35955472
35888243
35652147
35547540
35547964
35841206
35819342
35829123
35783312
35792514
35736929
35729248
35635203
35577424
35464326
35458600
35464891
35450796
35433950
35989331
35844527
35809840
35720208
35599137
35581426
35478494
35423137
35241024
35207333
35225307
35068257
35057829
35031020
34870044
34873526
34720012
34673893
34623004
34608816
34500738
34448169
34460923
34460255
34450183
34429148
34404849
34367989
34361961
34350291
34306377
34274130
34275285
34221402
34187434
34213025
34200714
34138189
34019721
33936726
33923672
33869749
33837564
33838239
33850367
33820853
33609215
33640883
33525536
33513949
33407162
33471094
33460705
33208694
33144766
33105298
32904335
32846516
32764227
32654177
32579679
32569711
32348313
32344481
32264442
32240895
32103593
32083801
32031753
32008574
31997228
31944531
31944628
31930965
31920259
31871464
31858308
31764398
31680741
31686820
31683821
31581008
31574984
31456326
31435576
31419227
31279269
31273164
31273672
31258656
30930616
30932184
30801061
30694097
30672971
30687198
30682950
30791686
30806659
30806722
30728729
30704944
30698752
30984525
30889113
30872756
30854329
30656664
30623434
30554317
30531484
30499351
30365467
30366699
30311836
30286941
30261198
30257990
30480062
30482683
30383012
30268171
30263787
30261825
30259555
30086840
30083522
30061493
29945106
29836013
29807085
29807225
29680165
29676166
29669460
29540161
29539448
29535355
29445877
29444124
29439925
29437918
29266083
29256933
29250523
29249589
29248464
29226926
29195172
29140417
29067956
28747141
28715193
28714365
28710196
28713865
28265717
28534472
28534054
28409011
28507724
28618850
28617478
28614031
28614660
28465297
28397466
28382339
28350471
28349730
28355447
28155959
28389567
28499774
28497049
28494122
28524708
28523449
28513870
28493734
28489503
28473342
28796648
28794386
28664677
28345303
28274017
28262501
28259760
28259433
28172939
28048049
28018677
28018067
28046980
27866837
27746269
27712237
27710901
27699775
27698123
27732430
27610237
27608721
27326753
27327335
27312420
27113291
27118421
27105815
26973050
26922834
26903953
26800347
26800237
26799605
26605539
26547381
26540390
26534376
26533502
26354702
26396110
26391036
26397235
26390811
26279448
26278583
26278399
26287924
26282363
26254266
26254761
26178484
26170332
26105473
26104814
26117555
26116648
26078770
26075820
26043124
26045647
26052719
26055633
26055211
25923339
25919429
25896878
25895405
25902748
25902431
25887615
25643060
25643120
25530641
25433218
25432715
25542720
25542043
25619728
25619016
25627690
25624138
25761067
25683701
25682778
25675671
25676256
25636253
25635813
25626736
25629261
25609666
25592893
25590247
25413607
25502625
25490391
25481278
25379457
25379051
25369427
25428356
25400514
25586393
25583111
25576969
25540539
25542634
25526995
25544579
25544679
25521941
25539444
25665570
25657952
25655245
25616926
25552371
25546790
25476023
25475665
25475676
25469525
25516684
25461755
25460664
25358589
25293059
25152388
25139431
25135978
25134492
24988974
25009182
25008510
24993109
24976462
24978267
24942340
24934144
24993829
24889396
24874579
24242552
24243239
24198418
24200276
24198253
24201698
24209174
24528382
24538315
24400663
24332678
24329995
24088620
24016327
23955207
23975969
23974425
23973254
23958535
23951083
23961644
23963816
23963742
23962957
23958255
23958658
23957556
23880047
23880629
23836098
23828220
23496334
23382071
23351661
23347179
23341936
23342115
23342927
23532737
23637111
23632950
23633038
23598769
23598998
23600808
23263056
23167964
23154087
23155559
23154993
23214919
23132124
22948580
22948956
22785149
22802403
22822901
22823646
22819492
22818698
22815575
22811372
22808113
22806932
22821738
22820429
22819211
22518149
22314325
22319126
22319134
21873642
21873605
21871455
21952917
21953869
22018505
22018664
22018649
22019178
21975804
21975856
21976645
21971670
21919238
21917713
21925586
21924392
21924597
21914668
21913408
21914169
21914822
21915304
21915623
21758162
21758012
21758713
21758792
21759062
21762431
21763441
21671863
21672648
21673023
21369587
21372488
21444932
21460383
21464358
21463803
21464196
21463861
21463988
21462565
21457557
21457552
21457427
21439975
21436852
21435629
21441023
21443154
21432425
21432346
21435953
21419709
21146041
21146309
21133200
21134652
21134343
21067502
21067419
21088723
21091005
21098097
21098670
21098884
21099605
21109728
21049911
21050242
21051876
21052430
21047100
21100005
21098414
21098676
21098797
21114805
21247246
21357591
21357484
21357238
21357226
21167903
21153557
21152069
21152496
21152497
21153453
21109017
21094024
21174705
21175024
21153868
21154487
21153204
21147922
21148535
21147737
21146249
21145763
21149564
21115897
21115685
21115622
21115033
21119542
21146775
21147082
21150402
21158241
21158426
21156486
21156353
21163878
21161312
21163296
21199875
21198477
21203906
21213964
21120664
21068346
21068464
21069375
21071441
21071290
21042638
20978778
20979437
20982262
20984003
20987125
20983855
20984417
20935933
20641103
20641278
20641456
20641078
20731865
20728873
20743953
20715794
20716205
20716521
20717067
20716989
20708361
20732364
20740252
20740306
20410860
20410939
20407652
20408808
20413754
20413849
20414853
20415084
20414821
20414693
20416395
20417778
20418947
20419267
20414292
20415336
20414953
20417495
20404943
20406768
20410218
20148939
20148935
20150646
20150342
20097720
20098646
20116101
20114482
20114734
20108651
20108484
20109996
20104039
20111876
20114912
19849566
19850625
19851169
19941212
19941652
19944206
19945103
19951360
19951517
19957485
19956737
19958536
19969257
19969710
19970558
19970401
19981866
19978797
19980938
19982792
19862392
19458516
19457889
19465050
19463446
19464462
19460406
19460488
19461055
19461274
19461488
19483105
19484639
19485484
19485186
19489996
19530694
19530462
19532445
19532651
19532411
19547942
19539639
19547613
19574823
19575841
19572441
19564847
19565063
19565412
19567275
19565841
19562740
19563064
19562751
19562750
19561956
19564342
19564174
19588058
19591786
19678691
19678519
19678609
19676892
19678268
19678421
19678556
19675789
19675623
19720527
19720771
19743141
19728980
19729759
19734612
19730985
19746759
19747109
19215107
19224632
19227713
19253157
19253226
19254584
19218086
19218398
19224871
19227902
19228708
19229095
19230567
19244919
19246077
19243578
19247701
19250111
19289955
19214965
19214497
19217892
19215648
19216064
19226744
19221304
19214346
19214503
19214369
19218052
19217374
19219097
19002835
18908317
18899007
18899569
18899312
18900380
18851237
18845063
18864962
18865706
18867701
18866129
18871758
18873344
18876082
18876877
18918333
18914577
18914769
18919676
18935627
18937390
18942874
18908530
18910608
18910407
18968610
18936529
18938038
18962679
18992133
18991436
18992418
18908619
18908297
18908651
18914385
18916709
18917230
18858818
18858175
18858721
18863637
18864463
18874311
18876098
18878741
18906412
18909370
18914405
18918391
18172642
18175106
18176244
18177970
18183253
18159757
18166201
18181668
18184579
18185517
17903293
17912683
17912648
17613278
17371876
17415219
17420162
17422523
17407191
17409196
17407585
17418153
17415853
17418095
17420366
17422364
17443901
17457367
17472340
16805590
16809218
16818920
16190524
16016839
16022087
16051544
16055672
16057199
16110816
16120116
16114216
16117843
16118691
15859636
15861272
15863409
15962883
15962959
15971007
16027566
16064792
16060911
16058760
16098756
16117135
16128058
16155464
16164624
15916203
15944441
15947930
15963897
15966669
15981730
15986006
16003519
16054558
16064660
16096100
16103143
16148607
16175424
16189464
16199492
16206548
16215236
16229137
16239486
16231579
16232974
16249665
16263315
16276213
16302284
16062892
16084080
16086626
15804140
15809891
15818719
15823981
15836574
15864488
15874987
15884026
15890981
15902368
15913971
15943334
15957267
15969004
15981436
15999682
0
