180540874566
156081255214
148227022692
135696615569
125676162437
118284539668
119542852340
131608195868
128102361865
118650678003
115472431571
113673116624
109188752692
114216956363
114767036363
120077042502
116879704316
113185197082
112933347351
116638421942
118775797970
112279704761
109634396295
109477887142
110169203686
113154178512
114390693765
112369563751
107438595429
107162475792
108177362104
107771684300
108432219369
110303003218
117400412319
114011290103
116093608432
111942829554
106702468520
111501352618
111984827661
106839484157
107233319428
105481419925
108496469521
106799789085
103417192561
104519598962
109399963418
110027632210
114534943154
119661069238
119644526829
117368253757
119478573644
121806752091
124217353510
123285196093
120234887219
116121873154
110205152771
110793992424
109165908503
109192353885
111712101318
112795163904
112521756518
112616941228
116870136322
117061866698
112864967367
112732758553
111771652712
111139717737
111817712323
109624514581
105856143026
106427105575
104723908802
108121985095
110610840571
110605075924
112285201753
111204758259
113407795944
109740494868
111441108951
108714066353
109702526817
111245594178
109462015816
108838643534
106247154281
103543895062
102529680527
101939319503
99477218407
101942258268
101019694007
100141320891
102011706304
105351083195
106852710171
102928583280
103698854874
100741559944
102289306237
100054853527
100381171747
101226649412
103988662758
102896473980
100409261234
101074759682
100658287354
100223183870
100094019210
101427933340
101122171735
99696490012
100474686981
107461558609
105675306092
106025121416
103131438579
100915681069
100065944784
100379980705
100658547313
101839263970
102581801629
102293410148
101932352292
102573025034
102665287157
102571198427
101391613055
99059896138
98866361658
97043678364
95284943819
92476410392
92972987544
92722098819
91687908040
90530054229
91010089942
91158383084
91491147100
91170273400
91051614928
89801847726
89455041225
86213625492
86496721134
87302101216
86452793665
86030327084
84793765682
86210116548
87370081059
85531334773
81835197630
77696348722
77669423568
74692775781
73608813262
72797179351
71956834374
72576507167
75770021982
75056224418
74625031409
73258381307
72959970774
71297126663
70253262990
68820461689
66567454311
66955493993
66390971035
66750866470
66433384927
66590140257
67073571188
65524474362
64639118737
63838796562
62560689573
61082500338
62953225702
64549872670
65882534823
66003696774
65347306158
65033819344
66415072403
67966769535
68739840161
68780507457
68371965021
66494500071
66275500335
65362651694
64554412667
67132580763
68358656194
68685091641
68828333378
70747300482
70108610700
69759740694
69744726344
69501519093
68870750584
68200012809
67579984791
66658746308
66967286516
66433980363
64932806465
63525551085
63383971000
61841420567
62347289662
61325388582
60396548043
60770777990
61260571282
61066649749
62593232174
63437740751
63896904084
64087099531
63719565059
63245968355
62213726124
59904504768
60544251437
60527052563
60011905306
59615908328
60032652067
60502108767
60453954852
60374628159
59209206567
59195818027
59891352064
58601132130
59332951133
57445541198
56732257346
56331981430
56039335049
56566537329
56973127287
57711820940
57577791606
58476870363
59402041794
58915671014
59290711522
59821433895
60353616943
59945386656
58922897063
59927134131
59572693311
58539900836
58609943366
57764209790
58056149247
57713662745
58541082122
59313077227
59406026245
59811855740
60084730975
59590834127
58979619444
58082116431
59216142190
61396544098
61694579398
60043742946
59353798477
58219552939
57886705691
56956444005
57802873868
57076141725
57870050482
57296292447
56725988953
57359925652
56049324826
55004645243
54031210441
52393007542
53048611503
53388145977
53230053957
52851239727
52776747539
52173424798
52909424933
52681046150
52380258246
52678637608
52512589926
51818293891
51602444727
50794911714
50187386426
50879282564
50541099108
50310773930
49025327095
48747082891
49484174404
49806515121
49737840426
49553977387
49772054101
48697765899
46623781832
45372156719
45623009307
44512827634
43210775256
42819520155
42299001813
42734693825
43378499340
42082310515
42788356560
42608504934
42145397699
42158236516
41679620476
41577561336
40988797919
40650186270
39894899592
39092915884
38768863720
37976676929
37093587835
36027399937
36494475471
37165727553
37721802291
37594694602
37297151949
36041981216
35731520111
35498180686
36294424857
36810652697
36732708102
36521871505
35589338025
35286783936
35478796375
35815878417
35276061474
35566006604
35486792888
35425534062
36121276221
35952997975
36171538816
36671014439
36104754257
36057226073
36774772348
37047348299
36933033248
36754591140
36744901894
35906221372
37080242259
37607871712
38043293291
37455173359
36014925280
35605768999
35560902195
36548685466
35891881168
36049063765
35572357833
36272402464
36926050344
36418518344
35693863955
35747161909
35289191871
35672745989
35379630530
35151394948
35392462967
36309045663
36217644051
36541200267
35871051845
35492485048
35311594139
35709983710
34898053992
35214714563
35447690123
34626737230
34356241792
35660268052
36306465576
35446983378
35361777761
35227160359
35233198029
34685886791
34528927441
35241176027
33799890186
33583736400
34049377675
33355474450
33596874252
33983496945
34020056581
34918440826
34445748332
35593182935
36125377389
37853992646
38052777980
37543957300
37825957828
37809731526
37691490412
37401301839
37677319610
38589143600
38605877659
38293628226
38495118047
39521198426
40377710747
41150575203
41769716056
42751804326
44420173525
45267480435
44633522736
44669525398
45197585351
45182623431
44873250019
44928989269
45055132358
42935029172
42964779219
43551183341
44371062897
44731111670
44446704671
43723799154
43825282316
43747120911
43417756323
44498242553
44775007959
44932638914
45103299081
45814098207
46133051389
45833382788
47229068153
47666433780
46944685268
46382313868
46740926926
45498358037
46234847871
47150771999
48821821130
49480941669
49439509767
50624846576
51028251493
50784549496
50218422351
50216697259
49904322048
49737202058
47889951218
48412320883
48853374204
49539854911
50089602385
51050756502
50698468543
49378884432
50199873157
50245828437
50490628957
50160130431
49047469626
49392428248
48161237645
47959793870
46816386842
46601655669
46556459571
47519146278
47499122764
46937169555
46098440634
46810445584
47306279486
46781989784
46917980523
47038913933
47633015501
48128566560
47939020615
48251766457
48810705763
48752022022
48158133832
48538074368
48338896180
48814557119
50555640198
52291375320
51920600470
51685954019
52166137845
52353226316
53407666775
53524516347
52784900227
52913163853
52531741271
51225747271
51520499612
51565635669
51113088421
50193084546
49259325283
49527439275
49735049508
50353344970
50438879667
49808428646
49466866349
50225609569
49184335066
49534600081
49361776484
49234886032
48313981527
47691942959
47151937958
46128436161
45268629470
43934163435
41751081325
40999149928
39925918156
39165841882
39543230042
40099447611
40340854405
40408197494
41748819605
42164469307
41601539151
41160612910
41876727367
41582369386
41195537998
40809088515
41110664851
41677266231
42515810809
43704898796
43729281468
44157607561
44302202382
44140640807
42902928936
42865132821
42664403179
41919190222
41713779776
42258311114
42851109624
43302016690
43493677583
44820117382
44894732969
44314974296
42520411832
42282870616
42905696427
43298175812
43096555914
44782156394
46269386168
47042545948
47268586881
47222270426
46586057230
44277080145
42790612402
42419319933
41794099992
42573755766
42543402327
42854017968
42630756679
41691112759
41498918803
41532004491
41277865656
40349246072
39258055786
39431665226
39468116587
40433656362
40371043622
41250893265
41004578567
42017232982
43033917349
43410441760
41802612271
41733187474
41048480933
40115898393
39843547116
39089165987
38697044669
39620047825
39837339303
39837735258
39795697114
38824512068
37670068714
37853840078
37770450528
38078802572
37074189443
36939249450
36520311535
36506703059
37648804135
37641222500
36572241309
35829716914
37439100764
37629598059
38637414971
39145843103
39654230685
39886250125
40069345674
39211580154
38888347192
39626071988
39575055300
39035985827
39523215779
40272604047
40249802742
40216219903
40654661852
39873720364
40038686534
39946470951
40145849832
40264079705
40473796764
41872735338
41943960536
41906540885
42086733228
42347677198
42693775836
42240383651
41447224359
40294368745
40811223890
40434595406
40807818080
39649148380
38482504145
37937149357
38284010532
37612227911
36759463771
35860637091
35232450918
35115507475
34465438874
35151471101
33876975963
33991321908
33349898917
34101898018
35186380984
35403846481
35358058608
34353888230
33713621763
33322799368
33517525838
35085175249
35395349259
34849950723
34691545582
34602018512
34939808241
35785540977
36273577365
36709506014
37336575293
37338319908
37520613008
36837733800
36847615459
37830733493
36847274722
35722627172
36191526111
35260010539
35787733167
35445888194
36294081038
35024855086
34897504468
34353619149
33548607093
33898108954
34428506971
35310849231
34661909155
33945961402
35178110055
35450527444
35783064366
36854671863
37376759761
37792088346
38352434693
38033086012
37308117384
36584934796
36312756564
36916461472
36704250566
37380062517
37531888413
37548204653
36948018919
37458585238
36478334884
37739017336
39012708406
38738860517
38715669666
38416296249
38271162795
37849152524
37534100921
35699278200
34780899704
32645447294
33523253225
34117998173
34251138717
34553621253
34634968728
34255979966
33106456800
33182542802
32230737254
31468702212
31511250396
30784987572
29734153480
29962011183
31000612347
30892410215
30642645642
29976999900
29077544335
28277483186
28446679015
28113692663
28600434686
28789261045
29515259605
29315673818
30521763099
30743469421
31097098553
29587624810
29353027312
27948427281
27500078751
27403550485
27709023487
27062296878
26012038449
24903532294
24654552082
25394723780
25941205625
26679452355
26948359362
27757614911
27733175828
27321311693
26137491294
27007015980
27728510423
27494101082
27518963545
26947868397
27539695805
27201661031
27834587001
28844131498
28101930054
28650433151
29189082794
29136341486
29891010567
28798867429
28233963197
28408458867
28816512926
29090478803
29777318701
29788207216
30983156273
30634914566
31145920092
31896801058
31209702290
31278088834
31681942519
31600585712
31383988872
31560443921
31520939128
32022029637
31717680807
30975374100
31371149495
31079276440
30560783350
30069917694
31044292757
31529952333
32011640039
33631208378
33289149971
32855169813
32966675772
32499369139
32599086600
32744236333
32971025081
32310378675
33826619869
33818956610
33723632767
34381937901
31912149889
32359540566
32126872620
31045425513
29364606779
28607998821
29379563769
29516119475
29178811290
29247008184
28764388045
28897155667
28811490617
29000906519
28110853424
28471792895
31016130908
30800993885
30931605110
30035629511
28670413747
28626436431
28909366454
28735939302
29018267821
27766989133
28201530790
28408703567
26872886241
26878103801
25239962315
24419854004
24365841700
23186756273
24026643301
24197661996
24616358674
24322926136
25977961663
24642184424
24163562356
23580541403
22987745532
22394837108
22436245217
21981737899
22001587739
21528758884
22822784020
22996593244
21953178440
22886431751
23718234981
23341183990
25985411582
27500624055
26185310621
27545673805
29102397095
28435169076
28233510434
25207213836
23204854805
23861268310
24334630188
23837059587
25183314236
23885754537
25936920826
25130154618
25780946648
25133982649
26568965848
24381513914
23598523029
22698863772
23383390030
22565808497
23224765319
23386950664
25444818904
22985112058
20439412272
20613506252
20448625504
18797660797
19755738796
19739842410
19234637142
19142191708
18118243186
16411595154
15464052547
15939070179
17838230382
17468035768
18066139429
19004449620
21894366385
22117378496
22532566748
22080524372
20743376918
22188853458
22977945105
25903522359
25363793114
27488534634
20570949326
23874068366
18309919638
17494791206
20481731154
26860501047
27728614589
24709517081
18654943437
0
