4740427
4222808
3884309
3625521
3415377
3273926
3147058
3055130
2970171
2898670
2817419
2748624
2679182
2613765
2559251
2501642
2451932
2411014
2375205
2333151
2290023
2234815
2197840
2166832
2147494
2115560
2091820
2083806
2056401
2027053
1999634
1972131
1948759
1927385
1905904
1892445
1861137
1841498
1805552
1787667
1774533
1758370
1738474
1726134
1711246
1680073
1683179
1657056
1642528
1630527
1603584
1583146
1575146
1557512
1540093
1527829
1520456
1514078
1493493
1499085
1498229
1489717
1477867
1470785
1470504
1456087
1443985
1441766
1418146
1398411
1390955
1377062
1359886
1360818
1356960
1345429
1345837
1354000
1351526
1338713
1342080
1325442
1287365
1276291
1275796
1278943
1254307
1211787
1198154
1196169
1200366
1202908
1188093
1187495
1183975
1186185
1179905
1185011
1186161
0
