478355967
405918624
367263071
344877866
327384971
315222926
304117571
306014770
309766387
315447538
308536455
299497236
274717487
270741743
256036994
251588620
245295603
235336976
228770408
224861808
228841115
224718612
216027580
210169366
208588803
207542526
200150524
200581788
198546138
193433624
191435621
190193304
190900154
192820567
187030903
191759532
186503973
177622995
177419264
179345304
175254031
176853402
171659824
168097129
170455910
170573952
170255955
168186761
166922288
159813065
160215513
156923907
151996930
154303977
155685458
159374732
156402330
149956537
153040421
151670490
148320143
141865533
141043100
136268860
135153938
135278807
133041728
134052727
136262285
135848493
137162766
139267614
140944943
139076417
141721434
141006978
141842284
135990567
129429110
125733877
126252250
122048102
127352421
127344143
119807228
119140921
119259860
114823763
112893779
112064081
105275873
117343291
118942703
117419400
118210249
112830716
122453796
116748467
127215551
0
