165637103
153554390
145125484
139123866
134492934
130365430
127012803
124165858
121361744
118778205
116597964
114584261
112600687
110958010
109597173
108107560
106303306
104905218
103500077
102197049
100923788
99809283
98717176
98063831
96875065
95966201
95156911
94386923
93685679
93005119
92457961
91636387
90578176
89833056
89198443
88653836
88180242
87528836
86777371
86253513
85701737
85199396
84753444
84202029
83624797
83243017
82679925
81985940
81526693
80975274
80488020
80089410
79801030
79410775
79145302
78810959
78546389
78302730
77655461
77151922
77048228
76622280
76213408
75939436
75657915
75243566
74854703
74304105
74039818
73731532
73940545
73646803
73503033
73171335
72969395
72797230
72404859
72341364
72072408
71838859
71555274
71525954
71188402
70890317
70772294
70659452
70420206
70058941
69802781
69491495
69226854
69009126
68607351
68406807
68216105
67919360
67856717
67764481
67317556
67306357
66974793
66660515
66268799
66238136
66084163
66006418
65812780
65603388
65321373
64872617
64518288
63820414
63597411
63446092
63387386
63132070
62840472
62658199
62625061
62391384
61910077
61782326
61696644
61490241
61291758
61203366
60929688
60974243
60825483
60762286
60704172
60331484
60271318
60185000
60114722
59941304
59884530
59819197
59676512
59490507
59353357
59158809
58990717
58913600
58930602
58609631
58354970
58109707
58090798
58070087
58094208
58039256
57809069
57605263
57621075
57232505
57174333
56957977
56728791
56667729
56573533
56424129
56347328
56313541
56273282
56081214
56037957
56032228
55876888
55857185
55707189
55408774
55012248
54657657
54632773
54374483
54266413
54241459
54076967
54022685
53883448
53882140
53407102
53397053
53175187
53216215
53155178
53150141
52912199
52889158
52684479
52668214
52560121
52546906
52562361
52237549
52096115
51805138
51804968
51684235
51672689
51684030
51553190
51386845
51304734
51189784
51010937
51007539
50912401
50337910
50323435
50315591
50275488
50239673
49772366
49592829
49372697
49273303
49167530
49220990
49219831
49326285
49287535
49280811
49008027
49002834
48953395
48947926
48831658
48607448
48508033
48200721
48153981
48151857
48094367
47888347
47904182
47938028
47866323
47812169
47568049
47489035
47478675
47437832
47417208
47333966
47038674
46818891
46807450
46828553
46788346
46338175
46047674
46050973
46066681
46048185
45805492
45816072
45735557
45382557
45093059
45091908
45088778
45531731
45498890
45324983
45315103
45296714
45216802
45216962
45182509
45179743
45158982
45111686
45133205
45108527
45085509
45100555
45093793
45088536
45089318
45103828
45100581
44812324
45012601
45005880
44982593
44973540
45011866
45015577
45012791
45009229
44983581
44692235
44685141
44772406
44768761
44511717
44412579
44114225
44103698
44105771
44077126
44074199
44069551
43899548
43494035
43477624
43467443
43311305
43299761
43168448
43164417
43143493
43105924
43105446
42971865
42954258
42951062
42949057
42804585
42698828
42488240
42309965
42314049
42310951
42298311
42221320
42221006
42219302
42215817
42124860
42135539
42236721
42141547
42141524
42124456
42130470
41768572
41651158
41647569
41644895
41803566
41801836
41770305
41711866
41708534
41708408
41688542
41575156
41575703
41062984
41212847
41210103
41207460
41184784
41181459
41155975
41158087
41019001
40975740
40976434
41047569
41057296
41147333
41438823
41291239
41296853
41276184
41272171
41253814
41245460
41245101
41255175
41255509
41274173
41260094
41245854
40969065
40886522
40886569
40704092
40692630
40665864
40658502
40657813
40703577
40689619
40748502
40755833
40806422
40836390
40779484
40972794
40969348
40952767
40814375
40814282
40619038
40615013
40613486
40478322
39957591
39932854
39935246
39951005
39949931
39949342
39877751
39787202
39250250
39250743
39262740
39114597
39109501
39377392
39376139
39384243
39383430
39327012
39322149
39173858
39162519
39089334
39085117
39089377
39090501
38822622
38834279
38870204
38868438
39073567
38793253
38787874
38791656
38605780
38607387
38605324
38604002
38584118
38585191
38587253
38576316
38468581
38394044
38124854
38118768
38123610
38117720
37940256
38150633
38134461
37988591
37993599
38156018
38156095
38155055
38000344
37999920
38000950
37982631
37946454
37940436
37832772
37718761
37718424
37739592
37695720
37695279
37753770
37745196
37744871
37882942
37880814
37879766
37747050
37817231
37813212
37807676
37796514
37783199
37781338
37781773
37782897
37708209
37408062
37408947
37293392
37294581
37841173
37802887
37793195
37823498
37852934
37963823
37965174
37722574
37397397
37395568
37397825
37395162
37390180
37389978
37388707
37391802
37373692
37456021
37470042
37462729
37921941
37939756
37930992
37930757
37930998
37915849
37886077
37885654
37880185
37875239
37353316
36848584
36851288
36830348
36790255
36794612
36794902
36713554
36706974
36632316
36633529
36619303
36604992
36606933
36584881
36328365
36377464
36319543
36327718
36328643
36014762
36014086
36013992
35957694
35606862
35607080
35600030
35648612
35645436
35645101
35644885
35660135
35665454
35667977
35614899
35617884
35631638
35626617
35634884
35631681
35638227
35634980
35633908
35653235
35414289
35413984
35450797
35442279
35328389
35317289
35316859
35321531
35317873
35336682
35334421
35345027
35347202
35345233
35344835
35350332
35349277
35348896
34958469
34964310
34964932
34961791
34956916
34955595
34955909
34952895
34954223
34839274
34840727
34937772
34935034
34945945
34946201
34935281
34935092
34935243
34876224
34876935
34864588
34877981
34879187
34881528
34870360
34920338
34925030
34893628
34893234
34875382
34874561
34875541
34877362
34876717
34913287
34913931
34792314
34794837
34841735
34806379
34802061
34785415
34790178
34706665
34689652
34682580
34638102
34451900
34441812
34442217
34443015
34442820
34706006
34658049
34652059
34650566
34319718
34467657
34586680
34586888
34586699
34580364
34574216
34575667
34739031
34740473
34740945
34749334
34759575
34761756
34755867
34759666
34764045
34759032
34779824
34924946
34925403
34925351
34895712
34927560
34927952
34927925
34928879
34930101
34243701
34245110
34223848
34193042
34192933
34129660
34133080
34131016
34126106
34118932
34121025
34120610
34123736
34126103
33725364
33692240
33693027
33694256
33694027
33719560
33716390
33716929
33713352
33716367
33715919
33101968
32658363
32779316
32780079
32780172
32771585
32770751
32770557
32773983
32878460
32881597
32888587
32888204
32902054
32906107
32957844
32988876
33077996
32808481
32808067
33114313
32171421
31613279
31612977
31810308
31807496
31826296
31826300
31829065
31831684
31843779
31518964
31523895
31526220
31522337
31522003
31546257
31552385
31573209
31569675
31181166
31183632
31133662
31133454
31141970
31137954
31151247
31174524
31121872
31118054
31117927
31119749
30766645
30591102
29997356
29999821
29998084
29996606
29996814
29998172
29999409
30016151
30011017
30012661
30030383
30030122
30031069
30020150
30023186
30031044
30157353
30118805
30010579
30010045
30086424
30106801
30107173
30182415
30153364
30161917
30166878
30188978
30226387
30227879
30227537
30228205
30228880
30282024
30289183
30289463
30292157
30307389
30299612
30300550
30302911
30288680
29596523
29604026
29584125
29696851
29695326
29765999
29772581
29717637
29742742
29726261
29724799
29729432
29786608
29737882
29740910
29264957
29275449
29279857
29282901
29279055
29297940
29298375
29319243
29320490
29098155
29203242
29215933
29221412
29224289
29226954
29219290
29236607
29236790
29237121
29239767
29226781
29299070
29299225
29299553
29283388
29288831
29207412
29207807
29214285
29235579
29234399
29235852
29237102
29237728
29111343
29111623
29124772
29126063
29142267
29152578
29158024
29159407
29159946
29169536
29168270
29196285
29204714
29207140
29277646
29346896
29347130
29347518
29354262
29598115
29634729
29635843
29639173
28326523
28420621
28460808
28455057
28485419
28507640
28514405
28515713
28519786
28519402
28518030
28521904
28515563
28517355
28520999
28525072
28666276
28698158
28142995
28162953
28163883
27048968
27035471
27040867
27045219
27042020
27053726
27138016
27142078
27180714
27194116
27195433
27234197
27247153
27255349
27253369
27253454
27284261
27248909
27255331
27271607
27275610
26694582
26700338
26667715
26669940
26705377
26719665
26730694
26730633
26691225
26692400
25940232
25964138
26045147
25451243
25455839
25459415
25487144
25490962
25493458
25494740
25451337
25454553
25458518
25460457
25457802
25465977
25470323
25473430
25524359
25525022
25020571
25025731
25029225
25086236
25094799
25097222
25136960
25146953
25169905
25183740
25186177
25187627
25198216
25206941
25207716
25231320
25234524
25242273
25244439
25267372
25284780
25296169
25299282
25301170
25302463
25303768
25314608
25317673
25326320
25330574
25334165
24597322
21629569
21653601
21664985
21673035
21683796
21687049
21691182
21692496
21715663
21721907
21727455
21735817
21749976
21763499
21787228
21807509
21833788
21841249
21864139
21875599
21890333
21906805
21913228
21924037
21945020
21961110
21976406
21982843
21992663
22001672
22008879
22024712
22043942
22061842
22072342
22089603
22099403
0
