1514710
1365933
1251998
1184021
1128155
1090526
1045539
1022206
990789
966074
947377
930309
896393
876594
859618
840668
815756
772039
764301
761897
732944
728945
721186
705491
703991
697064
675893
675207
673811
665690
640819
639054
628443
625198
620402
620019
558079
556875
525174
524961
515975
515070
499594
493930
498139
443793
443895
445181
444818
441106
447977
447403
419240
379481
376713
376742
376717
376145
375933
375989
375702
374928
372617
372396
372231
372087
356383
354612
354503
354370
354198
354215
354494
354437
354203
354175
354231
326374
326305
323569
323528
322518
322528
302132
302064
302081
302071
302080
302084
302061
302009
301965
301929
301897
301820
301792
301660
301632
301637
301463
301371
301331
301097
301061
299404
299554
299524
299478
299201
299193
299130
299043
299032
298998
298955
298942
298915
298904
217947
217943
217993
217917
217980
160175
160152
160148
159792
159902
159936
159059
159069
159102
159107
159108
158979
158981
158874
158859
158882
158880
153885
153793
153729
153726
153728
153727
153528
153400
153371
153338
153348
153290
153309
153304
153329
153337
153345
153649
153578
153567
153564
153546
153543
153613
153511
153508
152966
152965
152962
152966
152947
152935
152948
152927
152565
152517
152463
152418
152340
152338
152349
152297
152293
152248
152248
152252
152253
152258
152140
152121
152127
152006
152853
95041
95040
95042
95049
92897
92896
92955
92944
92970
92986
92986
92979
92981
92981
93151
93034
93050
93078
93078
93076
93060
93060
93072
93075
93063
93062
93065
93062
93095
93096
93053
93059
93051
93051
93044
93048
93052
93283
93308
93311
93340
93353
93351
93539
93538
93523
93563
93564
93588
93587
93589
93586
93614
93366
93366
93367
93357
93337
93345
93348
93344
93306
93310
93298
93318
93302
93278
93269
84703
84890
84914
84915
84907
84643
84637
84637
84606
84604
84418
84422
84427
84437
84453
84477
84474
84441
84441
83915
83899
83866
83858
83811
83819
83814
83813
83814
83823
83823
43741
43747
43750
43773
43776
43787
43790
43793
43794
43795
43805
43806
43809
43831
43833
43834
43849
43863
43864
43867
43873
44076
44082
44083
44085
44092
44101
44170
44171
44172
44177
44178
44179
44181
44184
44202
44204
44237
44240
44259
44262
44273
44276
44288
44291
44293
44294
44296
44301
44305
44306
44309
44317
44318
44326
44327
44332
44338
44339
44340
44345
44353
44354
44355
44363
44376
44377
44381
44383
44386
44387
44408
44422
44423
44454
44456
44457
44458
44459
44460
44464
44467
44470
44474
44479
44510
44511
44512
44517
44520
44534
44752
44753
44777
44778
44779
44780
44799
44818
44819
44827
44830
44849
44887
44891
44922
44923
44927
44932
44941
44942
44979
44989
44991
45030
45041
45044
45046
45047
45050
45068
45071
45075
45076
45082
45083
45091
45092
45103
45116
45250
45251
45354
45355
45363
45369
45521
45522
45526
45527
45536
45558
45559
60527
60528
60541
60542
60544
60656
60657
60675
60676
60678
60679
60680
62925
62998
63001
63003
63667
63672
63675
63677
63728
63730
63731
63732
63775
63776
63795
63798
63799
63831
63842
63843
63846
63851
63866
63868
63872
63876
63892
63941
63947
63948
64014
64016
64017
64374
64375
64377
64378
64380
64381
64388
64398
68005
68006
68007
68008
68009
68018
68022
68053
68054
68055
68057
68060
68159
68160
68162
68169
68177
91604
91605
91607
91608
91611
91613
91624
91653
91655
91662
91663
91680
91681
91682
91684
91689
91693
91694
91695
91696
91697
91698
91700
91710
91711
91712
91717
91719
91728
91730
91731
93241
93262
93263
93265
93281
93346
93380
93417
93418
93420
93543
93544
93614
93618
93619
93622
93651
93652
93659
93660
93663
93667
93672
93682
93684
93685
93687
93689
93697
93699
93700
93708
115152
115153
115181
115182
115185
115204
115205
115210
115212
115779
115810
115813
115814
115821
115836
115847
115849
115852
115862
115870
115871
115872
115873
115885
115902
115903
115952
115953
115974
115975
115979
115980
115982
115997
116000
116002
116005
116008
116009
116027
116047
116048
116052
116055
116062
116075
116084
116085
116086
116096
116098
116099
116103
116104
116106
116147
116150
116300
116348
116356
116357
116364
116365
116366
116367
116386
116389
116390
116391
116432
116467
116479
116480
116481
116487
116504
116882
116888
116901
116904
116906
116947
116954
116955
116975
116989
116990
116992
116999
117000
117034
117038
117040
117042
117044
117045
117046
117049
117051
117059
117109
117110
117112
117113
117115
117117
117119
117122
117126
117155
117157
117162
117166
117169
117170
117172
117175
117183
117198
117216
117219
117221
117222
117234
117238
117245
117246
117248
117626
117628
117630
117636
117637
117638
117641
117642
117650
117653
117656
117772
117773
117774
117775
117780
117781
117792
117793
117801
117803
119481
119761
119764
119765
119770
119807
119808
119850
119858
119859
119941
120106
120108
120109
120111
120119
120142
120168
120204
120205
120208
120209
120220
120551
120572
120576
120581
120592
120604
120605
120606
120610
120617
120619
120644
120646
120664
120665
120670
120671
120673
120674
120676
120681
120683
120684
120712
120713
120738
120739
120740
120742
120748
120750
120752
120755
120757
120764
120765
120768
120816
120837
120842
120844
120845
120846
120848
120875
120876
120877
120882
121004
121006
121009
121075
121076
121169
121400
121404
121405
121408
121417
121420
121427
121429
121445
121447
121448
121455
121490
121500
121501
121534
121535
121539
121627
121631
121634
121637
121638
121667
121688
121692
121697
121698
121703
121820
121845
121848
121861
121863
121868
121874
121907
122012
122015
122016
122017
122581
122604
122606
122622
122628
122645
122697
122701
122706
122725
122726
122990
122997
123009
123016
123024
123083
123084
123089
123103
123218
123269
123273
123274
123276
123280
123286
123288
123289
123306
123307
123312
123322
123330
123333
123552
123560
123693
123715
123777
123783
123790
123822
123830
126881
126923
126930
127046
127064
127716
127725
127904
127969
128019
128027
128137
131908
131913
131922
131923
131925
131929
131937
131945
131947
131951
132012
132049
132063
132738
132753
132754
132772
149748
149763
149768
149806
149810
149996
149997
150004
150095
150101
150104
150205
151305
151312
151314
151322
151752
152189
152200
152205
152208
152223
152493
152504
162755
162764
164727
164730
164734
164775
164849
164930
165145
165149
165152
166742
166774
166785
166853
167361
167433
167444
168682
168708
168734
168966
168997
168998
169007
169284
169556
169592
169617
169622
169641
169642
169730
169741
169775
169937
171749
171891
171907
171970
171973
172684
172699
172709
173517
173560
173586
173625
173649
173652
174257
174709
174725
174767
175214
175232
175236
175270
175393
175508
179320
179432
179704
179791
179891
180424
180471
181350
0
