7852557090
8143723919
6612603067
7129117012
7405047775
8400261969
6895555010
6415931180
6802764032
6480667769
6269045660
6696812751
5820585092
5418670015
5106151001
4857213488
5164642989
5111783168
4651266841
4998212874
4765479834
4409513975
4323784622
3945111380
3723373008
3541397803
3291334055
3411988862
3219433497
3295410411
3346459453
3300322916
2981124603
3129409802
3199995824
3024558692
3092081068
3082553709
3079804032
3069021166
3177157647
3596615412
3536757902
3596677127
3498055487
3638195914
3493976457
3210053707
3224272878
3407516843
3183586746
3097674396
2981053121
3017634264
2864765475
2853512558
2706235815
2660642841
2780866416
2713053109
2668775133
2713694642
2801107577
2748789969
2661024996
2719533596
2555437753
2401948634
2535834246
2387863602
2361713318
2378191246
2324859372
2299134069
2478706942
2485520189
2511052886
2473028371
2361214856
2340442179
2467274459
2466465061
2510097149
2615984995
2725238574
2575171428
2495248414
2440996613
2521156809
2522728365
2564144131
2614047560
2564220087
2447188126
2555162002
2582982175
2581809329
2555624135
2412281733
2542832773
2591383084
2483708315
2280795858
2247990676
2219770416
2105853738
2035229431
1908790461
1828571314
1854171033
1842544866
1946286204
1837009284
1785245459
1651296257
1631093896
1585073975
1567326079
1577821301
1548820498
1494516680
1442790667
1410249646
1510993062
1433156766
1372573334
1380409360
1475681622
1462885288
1540212358
1493158203
1504213339
1539493401
1514609327
1441024265
1360958908
1225745714
1209478332
1252301593
1224695945
1279276606
1248883849
1221705131
1298457239
1319726998
1352129721
1311616435
1383875341
1382370709
1273769701
1158826487
1121650805
1101799839
1037843104
1021404573
1037056477
1082741900
1062694063
996789825
1020982967
958959263
922749797
946993620
972400178
1021654094
1046763698
1024554946
1066098068
1014051888
1116403712
1086659742
1041193066
1009841221
953962690
878937824
832008584
864956037
814128443
830733915
888035486
872216340
812934679
745116304
813271927
812913028
757299624
702186587
706272894
647974809
589843306
568234427
593520179
603470730
634712874
629864220
666294603
696313082
671312015
743255337
729943132
691502927
684889002
706948868
645985866
661572094
715934306
782263783
814713963
781110056
816108490
762620474
707576503
742478410
762120090
775176187
750801133
729231483
595854754
608233276
673327085
663544636
673977160
695021931
754956743
822237580
812478696
841949834
741164262
737074205
750653662
710253983
687413892
718122947
780647469
805765007
820838532
814672748
804220447
706855361
793594760
784772711
809585862
798906974
757154318
780845966
745112714
741581725
746165261
671873848
679764793
681987692
676805992
676485215
689743089
729466621
784922874
841172261
834756779
792588625
764814697
722239395
812118492
826895633
768685249
763472204
745007490
733916956
670280619
651664045
564256423
541851932
538618868
572680813
522564639
574228874
585518453
614859443
657501889
649248962
620491215
618168040
622876207
607702343
627096605
619923681
663810437
665065334
654233172
674421595
700770967
657056571
591156909
575678562
577973458
551499806
573805665
526851108
500622915
498928029
495120752
477345510
452228124
437092756
441366892
458731842
456491576
413055061
381432880
384052770
402783293
398653034
378001760
409412044
398295540
421450153
478887427
468179194
501049256
484258504
471493911
435298709
425063844
399752724
386420484
431606772
411555862
397940350
407990113
373427599
370038754
328533598
326249762
306064596
305679985
332173224
317498889
333327204
350382217
348367043
326733413
307195104
296635927
292880927
310091633
294643832
319260993
313684632
326737396
330050949
325249801
319558840
310436233
315915560
309038308
286817878
260073986
251832067
220269640
239329954
223271108
288974915
311118406
317837767
296246730
296481721
321805044
307576092
308130166
316744032
314508213
311392242
298731721
287403146
278424051
308045126
291828735
264887826
243017963
217326202
219219844
198677585
216392747
216813187
214035980
214345773
212370712
183243062
187363206
227887917
247892671
239668164
224782707
207232256
192431619
174801262
161476149
151775072
167278311
185311532
184612342
178922122
189424110
203996104
198547473
207971300
222996975
227151805
245185885
281337240
262225983
243331823
232940211
233066127
223202630
223308225
241914365
269034671
262836649
243157235
227007359
246871458
238829637
232432229
229806183
261648125
273851012
254096466
241604154
241223526
275244847
289400839
317625645
332357242
319191561
317121916
328808965
316695015
328961240
330316816
309837522
319664561
319181028
306803614
337892904
334532842
330224449
337717478
343605770
357959019
382599851
402692336
436719845
452426455
435302818
475061443
442859918
425546512
433094837
454375367
487603277
444085380
439478966
466564448
442466891
419193974
392692843
398239137
422515345
417552303
435598701
420976495
387950677
379709196
376093867
383291188
380104860
447864914
491234207
494481137
444706673
448350098
470208018
457297648
467428586
437114676
483192700
494255100
535014314
528018585
493431203
505718799
509791313
503605283
528613623
560898818
533455285
554803069
581286969
556976040
574461866
603495371
614048907
609705699
587714253
618443310
581284450
542124293
535926697
522298388
503767597
534863369
536032345
551544497
530810380
515936690
527568983
515525216
545524118
547217096
568029651
560795360
553335668
504726895
499640306
475559460
443111250
462214177
468763388
485135172
534150114
576504762
578148433
587336376
592520048
563220163
619915897
609944358
622437947
642521788
658539892
646151180
638469842
627860214
634667565
580079627
670567847
752351092
786989021
699506165
660589482
611390203
597862762
650184014
656497990
642799302
651358808
652508323
653895485
693043573
700930944
613705145
611076441
605151426
609341563
590678102
567180858
554617418
544207292
550163182
507419186
451092336
466523642
476597971
481254432
486942068
547047443
588214164
563854345
605245119
603171734
612569970
650050830
670442764
649867581
625946437
560566967
570400858
595985332
557076625
544374972
541891288
580239780
553756202
524740425
456507919
436307850
376591987
396258291
416083888
392846266
387917721
383321911
407283788
410833171
410140921
416509156
363665627
341177279
320585740
331140589
310886241
294408963
275382269
244152691
251583651
238178674
252632383
258882280
252148258
251412933
243766307
240378969
222859558
249988445
271035206
269325077
277724012
286887968
272400570
280509049
260709865
248667472
291693544
297609965
298100139
284605703
241891213
251542063
287123664
263553937
265902944
270178475
300963343
290622833
281550648
338825557
409767873
450825659
430741016
439064842
430370072
421062447
427331299
487676376
514704651
560759462
597503262
580638270
515698734
508391999
508996694
522934780
511079277
530636362
509985696
499501929
524446509
586206898
621648678
641493193
572211919
575873110
535883555
545300100
564589373
525981761
556536494
545611089
593227173
618398950
607288634
573556291
661485569
715080947
654326283
625723869
604375420
590577753
653227120
636751418
574277473
599810880
594943733
612062310
671299728
638026916
598745189
580664442
597070908
667297876
651033838
645557100
589604024
594445732
553531803
581475730
579704171
575070319
624280017
725205595
745709399
736405864
703367944
761647305
786574944
810989102
782306771
764519930
666104145
623966236
674252197
727821096
763020636
703567015
715732534
836507685
774777314
757745292
746272193
808582513
883136031
843294571
809848827
792233183
792756660
715915452
746698525
850155482
821344729
894050492
902516622
980118740
936632766
979576481
985688899
989282353
913328157
896767963
974157537
981859067
1065685872
1047082873
917122677
965955640
955441873
935130366
988603583
951709292
982564023
855583651
828561232
855769261
853072622
784772388
733874352
728683175
741923296
738688696
743022001
781885342
856379033
784907588
699419298
669140705
642664460
754578975
762247646
773370027
796459555
796917266
864951911
847404590
764259623
801570503
838223284
798242208
788218833
741432988
791128003
818719141
792289749
796670449
870397067
852182568
844086103
851319781
789841592
782375684
773659274
855485120
992067627
1114626236
1073316034
1054355339
1088483655
1154231617
1126971001
1101354541
1192063905
1239165383
1199418392
1188331722
1097617810
1066852770
1067722947
1127176193
1095125780
1199006044
1161906418
1234840204
1194016863
1132536731
1036463333
1068235273
1082359221
1183731991
1169521112
1238797871
1210561059
1217920220
1132752685
1090139376
1108594364
1022326336
1026122529
1004197986
1048725180
930866179
868823512
771453681
822563679
815765555
851118861
817425157
747853770
713689144
781184754
845727054
789742823
826157582
890740333
802339308
769535422
742663679
729145289
761324783
755044074
786585736
808998847
843919315
851866190
856768813
916289316
1007215382
1034790018
1060926320
1020207384
986625107
1064383742
1068400267
1256549887
1188648614
1128429558
1124869250
1065864908
1034479634
1052988963
866384663
941486712
859203319
825835272
856642194
808425497
728084497
799043312
945656854
864804748
919316500
807493898
795455360
767926172
849136401
946080088
1032512034
967518912
1088054545
1119462779
1161720479
1052144335
1001949611
816987485
907849481
872194335
805888176
718138918
784596632
766223291
806588270
709508462
771865306
839118220
852648318
877767865
1078519227
1144779601
1108744486
1178878062
1066715933
1005750494
1069116479
1143367878
1043154938
1047241055
1154623005
1271144806
930598606
818659167
834204345
1101374525
1140438040
1155032526
955291527
995307808
1024934216
968025395
1204075484
1397375513
1360955912
1252407651
1372430297
1635324903
1565415940
1902260903
1953270709
2076782162
1793143979
1765559212
1548286849
1358456783
1327183582
1513075828
1586546602
1818972995
1431512102
1555026706
1315924224
1417155640
1443621591
1675412124
1638381489
1894421881
1715065516
1579783322
1309632098
1338980187
1269608975
1402528956
950491260
874834231
593571575
758480545
727475491
642777754
522887898
764471219
772882401
697419023
394870505
264794374
253660582
223605980
360765316
372403096
832996919
1067912380
1112736574
915261420
1420440120
1259125947
1331980130
1238630413
2542485219
2518364068
2264387534
2607876437
1520706125
2025993913
1893365194
1353103048
0
