96127174
98297226
94282309
92010957
93240176
89449961
89191714
88080580
91051825
94944218
94344608
105440606
107749273
107980401
108774580
114527764
113784767
115158164
123341075
127128854
126062418
128820918
134383647
133848935
132284163
130414916
129707552
125340890
125886057
125570171
123056512
126890106
121888941
125410217
125762644
124723686
122766350
127769129
130037209
130207655
134114275
133515720
137124313
133254766
135060349
135902854
136587846
134392303
127887146
124098991
124659445
121570258
122856728
120547977
122289620
125769184
127572648
127484218
133946135
134328301
134336449
137397209
136382057
136133756
138034627
135519459
138905984
143952344
145761601
151034151
149327063
149809926
146760290
151687614
159267628
159961597
166465904
171638900
183822473
183520240
186673885
189405540
195588031
196007568
198072183
203227975
213538942
219254089
222119296
225626162
236902755
251669602
258488194
271249581
277578449
295556202
315309983
342866066
393794803
0
