14534509
15031066
15021716
15012741
14997731
14986683
14966073
15567618
15549279
15538987
15529173
15515872
15508126
16638847
16620138
16616770
16609399
16575916
16552726
16546808
16536275
16520035
16505484
16473041
16457201
16444256
16443495
16438268
16430687
16645940
16626804
16619664
17068696
17202357
17198938
17182507
17175098
17245876
17234871
17230858
17219629
17217019
17212658
17209760
17205235
17202245
17188679
17185331
17177775
17158562
17114249
17087876
17001724
16987683
16978442
16975769
16967619
16910710
16881008
16867822
16873486
16871868
16871333
16844068
16841984
16828416
16821345
16812712
17199871
17197057
17504600
17667988
17680738
17677581
17667918
17690745
17690229
17688437
17686224
18206156
18204425
18203016
18197287
18202684
18191557
18310493
18309496
18293494
18534974
18913332
18910623
18909536
18898481
18905492
18903929
18906783
18946749
19390803
19388019
19385321
19388468
19383257
19376533
19373530
19367794
19363150
19361998
19905013
19869322
19826892
19823797
19823273
19822507
19776467
19775589
19763172
19751931
19734642
19727060
19725222
19724622
19723571
19715368
19706684
19689287
19689019
19687174
19649681
19651277
19641026
19635777
19632415
19632005
19638481
19635749
19635309
19634725
19618302
19616682
19611418
19573781
19564307
19563483
19561800
19560431
19549974
19547699
19542131
19537337
19536800
19482772
19472054
19476221
19432543
19575286
19569379
19565956
19563421
19560886
19520398
19519843
19519003
19522032
19534039
19534479
19534470
19536976
19535729
19529866
19528679
19528537
19534762
19533414
19533372
19531994
19531747
19564799
19509260
19508866
19493453
19493554
19490947
19488825
19394528
19428214
19426121
19373952
19372968
19374617
19375208
19367402
19366906
19366139
19218070
19230745
19228600
19213886
19545680
19545001
19544899
19544866
19543107
19540243
19538493
19537119
19541419
19545003
19545742
19491455
19489415
19481455
19466107
19424095
19423369
19419671
19342291
19340499
19340110
19343960
19343022
19343583
19387417
19387343
19386922
19254339
19254734
19254314
19253680
19241749
19189828
19185320
19172972
19162872
19162733
19160660
19322549
19320308
19319554
19317794
19313209
19312985
19312460
19433794
19431095
19421621
19418609
19417574
19425181
19444339
19433412
19434664
19634541
19622570
19622979
19621842
19622124
19620718
19620380
19619839
19619478
19593852
19658507
19657436
19647586
19646916
19637705
19637414
19637297
19642060
19641393
19645247
19644812
19645027
19598560
19598681
19598338
19596597
19590842
19594547
19597417
19596404
19596183
19598488
19597976
19597082
19596796
19860397
19861990
19823946
19825190
20113409
20117931
20118120
20118733
20117159
20076831
20258647
20256993
20127360
20115331
20112614
20113123
20113808
20113838
20104879
20113818
20113393
20106909
20106928
20106786
20094713
20090474
20186177
20185605
20192478
20192202
20193143
20194307
20193847
20193829
20193680
20187947
20185622
20261214
20258016
20255278
20236406
20238598
20238710
20228555
20231859
20231817
20230710
20238998
20238254
20334497
20315415
20315271
20312356
20312105
20311879
20313025
20313341
20291070
20290903
20293112
20284579
20285505
20284666
20442517
20607637
20606456
20606331
20606531
20604836
20596338
20596250
20596928
20612392
20540237
20534271
20534077
20536027
20535189
20534241
20534775
20534118
20533801
20471136
20471079
20471867
20511800
20511538
20564270
20558161
20558503
20426884
20430777
20431232
20572141
20594349
20593436
20593016
20589252
20588464
20587992
20588148
20586944
20805375
21017841
21017531
21019265
21373300
21393526
21393487
21390061
21384595
21384781
21373197
21380191
21379242
21379389
21379198
21381093
21379562
21379705
21519515
21519435
21524864
21686027
21685866
22000107
22000629
22001306
21989365
22036742
22077468
22081475
22081200
22083582
22083564
22083093
22082583
22061070
22055679
22055266
22093994
22065649
22065380
22291659
22288998
22293025
22295099
22289103
22288935
22285821
22282877
22282166
22278379
22274341
22249092
22250660
22238572
22440669
22306910
22305213
22398544
22395988
22368646
22307271
22237290
22225201
22199805
22199166
22304481
22304113
22355826
22356298
22355940
22362267
22112769
22097024
22103645
22560100
22558593
22554012
22552042
22636241
22636633
22625740
22626693
22627843
22624054
22622901
22622840
22916884
22916482
22916531
22916964
22917199
22938720
23146573
23143733
23158318
23170058
23177340
23180050
23263782
23292189
23286701
23282383
23312886
23315276
23314876
23425351
23425345
23426882
23428306
23488139
23482667
23522283
23506206
23506154
23506325
23508474
23606323
23605883
23606288
23606991
23624590
23678372
23680525
23680832
23685915
23911500
23864687
23863574
23853439
23912261
23911956
23911133
23918628
23917744
24149785
24149472
24170335
24177743
24178194
24132031
24130823
24132132
24049821
24050237
24040826
24025416
24026059
24200570
24205635
24218811
24216046
24217718
24216550
24359569
24359837
24593286
24690047
24689175
24713323
24722318
24718332
24860749
24860261
24860098
24857465
24859090
24840734
24842023
24842792
24843003
24818245
24818154
24827431
24934941
25036020
25056629
25238043
25260483
25262243
25278589
25303921
25304816
25346649
25346976
25350259
25578724
25576288
25567891
25594889
25598514
25599279
25603160
25603554
25626869
25587490
25619377
25530227
25591882
25592409
25713425
25713395
25712387
25703996
25720611
25713423
25721403
25836716
25841781
25918144
25918221
26105091
26253691
26253745
26263636
26552372
26550708
26066167
26067782
26174229
26174142
26174881
26445409
26445874
26457190
26437718
26439445
26442391
26449065
26510287
26523949
26277646
26280094
26263295
26274152
25956746
26182169
26449820
26452741
26453206
26449236
26533236
26537343
26586918
26605949
26750414
26827544
26812733
26909656
26907154
26949689
26947287
26855067
26860393
26874119
26880818
27168301
27219403
27221934
27219167
27246922
27249645
27483060
27480911
27758923
27759596
27773387
27781689
27790860
27792876
27804220
27780329
27792800
27645333
27655008
27741139
27743440
27769351
27875749
27865862
27864430
27861327
27782855
27803451
27811559
27811893
27811858
27957326
27842411
27811344
27881491
27996546
27979497
27990590
28023712
28087807
28088976
28114393
28120493
28334674
28316261
28324409
28379016
28404238
28405959
28409027
28418649
28441766
28472218
28478388
28563072
28578853
28879245
28979316
29069320
29232002
29236321
29399314
29532402
29548485
29549337
29557051
29564577
29630426
29598643
29600341
29604685
29607725
29616490
29609253
29611811
29663945
29809954
29811388
29779666
29908418
29940246
30133863
30138985
30147042
30296801
30302769
30493847
30498128
30496343
30481597
30415775
30544681
30579925
30660902
30654907
30652202
30662508
30738491
30762824
30783107
30785269
30787656
30765138
30767485
30823225
30836438
30951592
31006829
31255461
31249061
31262518
30943170
30944204
31149097
31136258
31139369
31093439
31127157
31137525
31151273
31410909
31414232
31461845
31463850
31466992
31484426
31673987
31705780
31717082
31825520
31839887
31803124
31922507
32038048
32069281
32091855
32147020
32149721
32119661
32146158
32223358
32361684
32541863
32552569
32642849
32708787
32710665
32717470
32722888
32721389
32734804
32752325
32771481
32789535
32802822
32819187
32953346
33064002
33069148
33246162
33344833
33465820
33690884
33808642
33962392
34023768
34088814
34103305
34349663
34392067
34423743
34647289
35001106
35024237
35059821
35255263
35277699
35348185
35369731
35479797
35519107
35536071
35601401
35665834
36049657
36118596
36127936
36165329
36209034
36295102
36391111
36424722
36474120
36589823
36606577
36601908
36698283
36903639
36912377
36964404
36984295
37086948
37104695
37137518
37127053
37321624
37332699
37345748
37416287
37556592
37593257
37640331
37678365
37847255
38038005
38260622
38453106
38462619
38486241
38554341
38613584
38745347
38738000
38784651
38922868
38990125
39060751
39170478
39535751
39655513
39674931
39716566
39790560
39741584
39952637
39938741
39996655
40227930
40230933
40275901
40126322
40190811
40357106
40434444
40514996
40629480
40705816
40780934
40861645
40903624
41044397
41216756
41245622
41307300
41487292
41557837
41618398
41718127
41834014
42088183
42129947
42305281
42600966
42768346
43030104
43115441
43130044
43381070
43563947
43625677
43744229
44050965
44235415
44488959
44744917
44772325
45098368
45150403
45379559
45505744
45637572
45811095
46099936
46372866
46573219
46746871
46898798
47082240
47203014
47416549
47569265
47651625
47872861
47962836
48124070
48220671
48413117
48751441
48913205
49134341
49387283
49610850
49837538
50042148
50294750
50455250
50778441
50918704
51237726
51364489
51760528
51927989
52198114
52504467
52788540
52499227
52774065
53093315
53360891
53746142
54206934
54627410
55052503
55498858
56045675
56674749
57155350
57589352
57922762
58377610
58949508
59501935
59941186
60562529
61119216
61886663
62690144
63306262
64280864
65112944
66092082
67204075
67978525
69267303
70238169
71866089
73452515
75397387
77231962
79465342
81984379
85382877
89584108
95068759
103256977
0
