22999152
22989866
22977703
22957046
22935739
22926095
23570736
23560064
23548822
23525466
23512817
23499523
23492485
23478185
23464970
23461650
23456201
23448122
24270008
24258790
24256510
24235050
24211984
24204974
24194056
24189957
24134760
24132956
24120958
24104895
24095823
24089015
24081126
24073097
24065914
24045353
24031065
24004008
23999081
23997523
23993373
23988284
23955170
23950040
23946566
23935975
23933283
23918021
23908183
23905329
23905886
23904004
23893017
23892819
23889491
23872568
23902967
23898138
23882616
23864878
23864412
23841958
23797748
23723769
23716868
23702903
23701431
23695769
23692082
23688462
23686380
23656408
23642763
23632052
23623271
23571449
23558198
23558083
23469388
23468108
23467058
23463664
23461032
23458265
23468606
23467323
23457630
23452102
23450196
23447469
23441991
23440008
23438693
23418659
23415163
23405366
23378036
23367276
23373959
23365431
23363672
23364789
23269252
23267052
23241138
23089795
23088386
23082125
23077063
23070224
23069174
23056875
23030654
24160332
24121084
24120570
24104920
24103307
24092648
24064193
24063992
24063713
24055625
24055407
24053887
24054189
24053843
24026568
24101465
24100117
24094751
24090901
23985228
23967803
23966193
23962522
23955836
23952679
23951026
23935043
23933171
23931454
23931559
23919770
23913466
23877405
23866179
23861793
23848338
23846256
23829242
23824502
23656530
23654364
23612109
23605147
23577995
23575715
23568645
23555425
23554856
23517163
23509091
23506323
23509563
24077101
24060451
24058573
24058042
24056783
24179907
24178993
24177858
24171014
24169678
24163368
24163917
24161709
24061740
24060639
24058000
24130299
24129692
24127212
24121918
24110031
24106403
24103581
24098390
24085914
24085232
24078518
24124949
24121682
24118712
24118323
24109684
24104440
24090877
24076510
24062713
24058023
24831959
24804282
24804096
24794150
24789035
24784458
24782871
24405071
24401895
24402716
24290036
24256528
24253143
24252134
24885511
24882749
24879492
24878580
24876627
24876363
24874624
24858204
24867650
24845443
24844904
24801242
24799585
24807951
24803874
24799915
24799514
24784728
24782704
24625457
24611685
24605723
24634554
24633777
24630951
25965030
26439813
26438650
26437156
26435688
26435675
26435025
26409807
26405390
26501727
26504057
26503817
26501595
26500499
26499141
26498571
26497339
26499066
26511913
26508482
26506823
26450922
26510134
26508305
26498702
26500287
26503751
26553245
26552097
26549567
26492038
27092382
27091201
27091143
27090614
27089314
27088888
27088825
27088230
27086578
27085441
27082670
27070943
27068325
27021406
26955775
26955454
26967907
26973638
26973169
26960893
26927108
26926540
26927799
26888879
26887342
27307323
27341040
27342827
27342546
27340041
27337844
27327004
27325931
27324557
27322365
27335142
27333281
27329325
27335766
27333375
27330390
27330240
27330131
27310895
27310806
27303467
27300716
27293080
27289632
27286907
27287692
27296121
27546190
27545336
27527893
27527389
27531939
27529936
27508958
27508240
28129041
28128252
28166242
28143845
28064708
28067368
27913725
27901220
27894006
27830159
27828559
27826598
27749628
27734992
27731638
27737716
27726596
28031686
28030787
28030458
28026726
28017700
28032269
28050016
28045386
28040872
28026142
28024358
27997046
27999940
28002763
27999586
27992910
27992409
27938733
27932949
28545663
28542874
28383898
28382905
28379232
28379097
28385817
28391286
28396528
28397077
28406644
28409310
28407187
28405953
28391808
28390423
28380451
28437482
28434876
28433846
28426381
28418155
28418115
28417803
28416894
28396397
28482750
28473244
28472135
28472305
28462265
28462054
28442573
28442708
28445655
28446569
28446311
28441066
28441448
28417363
28384310
28389864
28391124
28394798
28391789
27828643
27827417
27824244
27800603
27799539
27646125
27647682
27604170
27877655
28232980
28248058
28243519
28291712
28284448
28287912
28286730
28309346
28307840
28311819
28311008
28310129
28366047
28366251
28366234
28365629
28364585
28337068
28328341
28324882
28324795
28221740
28219217
28218799
28209441
28346020
29210268
29209548
29209666
29209120
29209173
29210469
29113209
29112674
29066310
29066743
29034169
29028259
29027574
29027452
29025522
29032843
29030825
29025155
29018446
28914485
28912676
28912815
28860810
28805979
28806008
28798635
28729878
28728085
28719392
28707981
28941409
29051574
29052990
29081184
29060654
29394598
29399073
29384211
29384122
29813799
29816345
29814190
29813792
29832863
29827851
29828253
29826297
30179380
30179650
30162607
30146800
30148193
30148119
30146910
30149582
30150043
30153631
30161244
30165371
30150485
30158696
30157386
30273905
30270461
30270343
30270190
30219085
30398570
30412381
30403370
30405294
30418560
30416580
30418749
30424529
30427500
30375044
30376151
30396343
30372390
30372447
30376500
30375333
30378778
30379119
30375733
30375577
30375296
30375936
30375043
30419141
30641060
30620425
30686215
30680842
30677041
30683753
30641153
30644436
30502410
30500660
30444188
30452114
30435030
30428697
30446587
30451002
30444425
30521284
30464191
30464852
30482792
30479495
30526473
30515297
30517248
30418720
30906084
30906060
31097637
31098209
31031296
30662124
30550715
30399713
30401085
30402389
30399146
30386555
30346306
30353071
30257535
30261475
30470604
30429861
30436562
30677337
30738196
30712405
30713891
30714132
30713417
30712642
30696757
30730202
30800505
30797298
30798837
30791565
30799717
30782707
30789390
30803110
30804164
30813943
30812799
30815951
30968295
30970058
30954918
30932816
30577197
30717392
30692026
30694054
30679535
30929694
30938171
31169839
31178991
31169182
31177535
31177747
31182105
31191455
31155195
31282644
31337000
31254522
31260217
31177035
31566609
31572592
31690580
31690329
31759985
31767952
31872803
31839060
31841436
31839992
31851882
31836955
31835377
32030280
32035862
32040044
32040494
32047077
32039044
32146092
32194133
32195797
32167166
32171542
32174727
32319609
32540737
32540640
32540902
32536053
32546997
32689847
32693683
32700015
32879862
32898961
32892439
32899562
33143833
33138937
33136396
33143650
33141252
33145110
33326433
33369970
33372759
33378745
33327839
33527047
33529972
33599057
33946866
34233968
34107611
34101367
34101844
34107834
34118362
33290436
33334708
32844494
33119398
33124335
33127296
33568579
33561343
33663994
33663158
33363260
33363423
33367253
33360224
33447431
33451345
33663187
33593719
33644483
33680518
33938421
33962954
33947405
33971219
34138059
34157318
34117606
34191812
34201667
34204820
34608968
34633816
34961656
35105576
35016024
35065148
35183331
35337282
35338190
35220137
35325167
35434587
35471762
35471045
35662512
35677615
36103923
36222858
36217693
36321279
36328086
35988330
35990802
36231231
36249849
36421616
36453270
36455810
36533075
36565528
36589273
36582205
36935017
37121776
37122154
36976403
37008344
37155124
37381912
37315678
37631519
37630749
37696489
37700989
37769882
38003085
38111186
38232844
38238990
38308400
38298209
38419785
38454522
38657394
38675937
38724442
38776546
38803194
38806404
38837324
38989375
39291915
39295272
39427097
39432884
39492947
39684984
39804925
39827513
39831277
39879917
39878360
39950981
40088811
40303032
40328791
40449632
40459483
40555511
40620499
40629092
40740485
40791824
40806539
40922904
41323707
41330331
41350199
41416321
41543677
41659978
41484686
41607010
41643271
41705337
41819471
41905062
41941640
42111415
42246020
42295033
42563175
42580139
42797209
42809587
42810411
43016814
43076651
43155679
43306288
43422819
43480818
43577309
43745211
44001335
44156148
44176153
44250232
44482328
44500561
44429822
44526600
44679868
44808935
44826537
44929198
43801295
43778412
43842889
44073674
44205415
44326023
44330239
44434635
44477092
44693124
44858925
44868931
44916104
44995743
45103662
45233765
45461080
45530008
45533179
45681567
45755375
45839262
45969405
46305782
46423962
46608055
46724232
47016696
47186772
47231428
47301201
47451359
47789781
47611779
47748689
47929796
47805405
47954031
47949140
48097025
48430567
48635778
48696516
49060579
49098502
49172962
49395841
49628599
49789466
50072668
50337931
50288582
50533308
50577551
50985194
50891570
51181160
51424081
51519825
51970193
52164514
52287581
52433618
52539917
52824986
53101621
53252480
53774018
54109556
54403646
54604150
54750522
54717996
55049030
55385753
55641340
55936274
56278715
56391877
56537756
56671301
56978790
57099817
57269843
57776679
58072491
58188981
58426049
58667108
58994509
59393960
59640408
59799732
59927556
60188390
60393518
60933871
61368268
61765502
62200762
62326902
62636929
62940478
63288967
63716213
64187163
64693247
65074256
65400720
65901130
66245925
66782007
67288881
67825447
68185748
68494471
68960858
69553487
70102045
70571367
70829682
71512947
72167167
72970245
73649986
74233557
75021350
75714710
76466824
77221340
77801476
78695227
79625319
80254054
81158204
82147703
83259351
84382576
85670984
86863800
88266923
89725130
91341233
93001961
94741911
96659975
98919680
101437605
104143651
107100761
110822907
115193198
120273081
127639546
138258832
0
