3363866347
-4652880610
2058365503
11621625178
10366074645
15402971474
15836629040
15521068580
15272068329
14477671030
10612115460
13984724891
15400155880
17025507411
18675324485
17681438644
14969557624
12237480493
11876476193
11404566824
7505086069
6338185592
4883337678
5872244098
1446461899
6727851448
2818444953
2438786103
-981863399
3912609835
3684996645
9426192331
10569708050
12118392938
11107604635
9566284827
8955886275
10041850175
11547260132
12003871466
11236246468
10224902453
11814670595
14426058057
14168558604
13852475118
11718226797
11987316958
10247441033
10826125770
11730013587
11434706048
12061408174
16453128374
15294279941
15427770449
13400275377
12407909191
12118584352
15380897170
13609709898
12277380514
11986579973
9088236024
7166228197
11467136725
12411649186
13376256617
11126921862
12214737962
12438648261
13651358783
10553942704
12730951989
10786015952
12070229011
11754216625
14451763884
14517118487
14920155459
15559773557
14917235698
16849719870
17075024175
18010244152
17469257542
17501129323
17448430487
18572871783
16074010909
16077909276
15686463460
16899139488
16327097939
17947384298
19324791749
17566529615
15698362860
16852126293
18837334120
16864629927
15396540122
15138983420
16041859806
14889901423
16923485793
17809104337
17951832024
18756728801
17126440186
16567686180
15646145348
13924059621
13157418358
14305179902
14484031786
13836315431
16653469404
16938013653
16678348681
14449451853
12115166900
10834116356
9739763884
11879380824
13588842381
11558952835
10595770693
8520849041
8281122260
6483466489
7569308709
7223106458
8436990184
8403818704
10659689963
10428256033
10519202094
9563521630
9522582422
12011898926
13489867073
14944055559
15271654035
16098975159
14845492461
15785316671
17370974231
16838560999
16810373553
17030549723
16676007525
17048911870
17414739205
15514786000
16348113479
16456784472
17240254692
18424298689
19268855807
18290299862
19208321709
18873312480
19288464938
18668750227
18503034404
17110748681
17687659151
16551207244
18432329962
18385599794
19107690308
18661911671
18595739731
17346923505
16499083857
15297082332
15014939211
15164318686
15910248317
16671527379
17938358315
18034366228
16809444017
16544139771
16742065139
17920321645
17860607121
17398321020
16347948768
16127868194
16079755600
15958330361
16520690654
15648933110
15037053807
14840388249
15755221537
14701482173
14152145341
13104740759
14566250919
15393830021
13416709027
13711474717
14104169041
13263078555
14549371981
14159979555
13118683014
14631368739
14340892794
12662628909
13697576400
12821625119
13904106867
14937309867
14049456418
12879603153
13209419073
12330374200
13904461245
11798630433
12152418779
12463496671
12448256158
11911675712
13408621667
13542931067
14497758039
13997923017
13996882984
14706034945
13713193904
12952834134
11582819726
12486376818
11285543575
10199732815
11660481652
13046451399
13533859247
13485707877
14404662734
13542898276
15437652944
16354747070
16230709781
16154427578
15004017898
14611920785
15192973937
15629496108
14506143217
14101623287
13027626265
13884525385
14403749983
14190034468
12935859733
12465832866
13318999945
12580297538
12271060353
13480631676
13450267996
13211122746
13676103939
14450484420
14480180379
12936364893
13801334406
13199460182
12300247418
12344284658
12159080151
12203537035
12788285267
13043593672
12020027341
13129401703
11170588945
9907162782
9433327005
10025171576
9690514270
7229941357
6252589529
6028548234
5197876550
6569123285
6054047794
8245754363
10355957753
9678427005
9397848718
9871656783
10721495711
11899092797
12436532049
12564148373
11745887265
11678556438
12359375833
12123386202
11280064514
12053280017
12303078671
11262235939
8881636625
9019184486
9195639336
9519071032
7528280336
6483102901
4717475887
2973141020
4778016557
4145907820
1647470039
136376513
-393763521
361688712
892776279
-25282187
9204537
2209519176
1379322982
3305819911
3175662915
4402520598
5918064549
6640693705
7136272681
6784846333
5229839757
6788840402
8157890563
9016304733
9072114977
9215286222
8177941900
8439902056
7378735910
8361423577
9215112565
8086335964
7824535756
5959002078
6793876179
5701048681
5926360830
4534028401
4362227475
3013231020
3184198607
-601951888
-992468843
429492902
580299626
1158845998
401575959
-866762777
-719609758
-372579173
-1845684608
-1434504228
-2844426960
-2211512314
-2732648724
-3969678871
-8446690340
-6870833676
-6768393262
-6174364621
-4039231341
-2411056414
-5026962042
-6122642027
-6596344182
-4642595927
-5298057521
-6838993065
-8410301885
-6134464530
-6054606135
-6438101207
-7410485744
-7889842012
-7840305633
-11980178945
-13681440991
-10786641783
-10348700269
-13918961173
-17559507635
-18315257686
-18019133895
-20576855490
-18953643105
-17671258358
-15939731104
-15594488830
-13702074269
-14472297970
-13692144370
-13062755484
-12810618234
-15906745575
-14682966587
-10917388487
-9854579039
-11298992307
-11760650576
-10518598075
-9360105092
-9116004134
-9483420357
-9297166491
-8631688357
-9004746183
-11313772518
-10264786076
-10734406807
-9819814750
-11000470939
-11845325436
-11133822120
-12085337933
-10328008920
-12017885971
-13107277986
-13144654996
-12358367929
-15074558839
-16092401966
-18908332693
-19121319446
-15005229944
-15991466872
-20117400258
-21754487197
-22966735298
-19284161563
-17977011737
-15481417128
-14504938106
-15877979943
-15269626188
-17484320428
-17642057595
-15361584642
-15436908913
-12885002810
-14065860643
-14675044473
-15858897070
-16317558809
-17106102820
-14883680266
-13740123248
-12588070417
-15132288545
-11648503052
-14923947652
-16014897564
-16450390984
-15984591357
-14881832446
-15196188366
-13655513286
-15602559222
-15335593937
-14504024911
-16052390493
-16763891906
-17405078321
-19742353173
-17844055370
-17851570770
-16896295021
-14653523590
-14466686084
-13389364670
-14280671360
-14091802941
-14796923921
-16839292531
-16142423661
-15639195049
-13934121989
-11731436179
-12399836017
-14041839317
-14312839834
-16190111678
-17175284680
-15540014500
-16619630213
-18612705655
-17163772679
-19190936238
-20002982937
-16792528686
-14064894448
-17550881292
-19240161619
-17501044163
-15242177993
-16832206524
-19359276196
-20787368885
-21160899820
-19302448669
-21967848086
-23617543901
-18426287566
-15777804509
-13093842885
-12644078424
-13114566328
-10828937346
-11945722835
-12129889292
-10605974917
-11582382519
-11882154500
-9878340994
-8456172300
-9533325131
-10655205839
-10338505245
-10533458625
-9205275695
-6909200111
-5545382398
-8056022811
-6852495278
-5533984574
-4710108718
-6219936973
-8332877606
-11801651054
-12189004356
-9907251294
-9093432183
-9332725637
-10045569432
-12117972129
-13431958269
-13733365678
-13930809869
-14752326140
-14219022573
-13302416593
-15093784523
-14819534198
-13923093915
-16231154843
-15424133240
-15440633295
-16273209718
-12243651314
-12432268355
-11946956734
-13984752870
-14884095743
-17459567958
-19089264930
-22154133425
-22642622702
-24669923034
-23233275184
-23242786669
-23469546536
-21555716022
-20878368006
-18885993476
-21485944318
-23782301375
-23983187322
-21320528159
-18404209824
-18814864158
-17768598777
-20781537266
-22504269617
-23762696455
-24307786225
-24331888440
-23571486847
-24112639205
-26135696735
-24628471193
-24010916422
-22710863836
-23741140750
-24917408886
-25025670148
-24731597969
-23865009823
-24589853598
-24425819738
-24813888575
-23773677773
-20663326660
-21573354371
-18136196198
-19617225169
-23273874937
-22537927300
-22853709685
-23493383553
-20456378316
-19620019159
-18054593687
-13632723454
-11921278935
-14859587135
-12079960185
-11561878883
-10372608785
-12202093487
-12514497525
-13130404651
-13765097106
-13875364385
-12943540040
-13514726361
-12895293051
-15046213301
-16682189467
-19438184813
-21757910387
-23634568575
-23088906330
-27007280222
-29136276308
-29377316458
-28940205800
-27642219038
-26462461799
-27542356362
-29167921962
-31623845302
-33360079979
-36370130656
-33911223448
-34396009382
-39352359187
-39127663065
-39558815731
-38044577476
-37858381072
-40554055297
-37615774583
-33124758497
-31219833619
-30652302005
-33041900912
-38662115545
-33201599210
-33729456385
-33543845751
-38528489593
-37059841525
-37681344840
-38800976091
-39936314738
-38205665560
-41011209384
-37847185954
-38382158608
-38848579447
-38542324195
-40961959132
-48041484883
-49392581720
-44594211155
-43986230739
-45375261519
-43251091323
-40963480705
-37989725673
-39338369885
-38364227546
-39768770787
-38491025209
-36260980069
-35402422700
-36289931113
-38521329145
-42434179179
-38289593904
-36205491769
-29896044541
-31020039146
-31688423534
-32430965139
-33307844001
-36923810733
-36012855792
-38339935008
-35770731410
-38979062900
-36983517748
-35212363434
-34950522208
-38431518684
-39701445224
-31904012098
-33754053204
-33793360001
-31434601597
-31726514788
-31902555697
-31584122559
-27459673813
-27299691765
-28613100996
-30020124210
-30680259371
-32190057706
-30412853583
-31972584332
-34718446478
-34707812008
-33343141138
-30345784653
-30165107828
-30867239083
-30870282973
-29044400464
-28249131335
-28073897249
-26317468651
-29735223086
-30448462185
-29667121361
-30124942047
-29241223339
-26973325218
-32698852904
-33857689470
-35076165216
-34473385999
-43730355664
-42191105741
-40491434646
-39493187755
-35870885473
-40377378983
-39820896224
-40264652829
-38843396992
-40267431226
-36548968263
-36924345747
-35352411223
-41243843019
-44346124968
-47993074646
-53958624403
-56222249986
-53463800798
-50797051074
-47119907242
-46681862538
-49281469666
-46567720275
-44590796943
-45311354604
-43307794309
-41349902259
-42083184211
-40951611521
-39957896793
-44235963389
-38472338850
-37495431823
-42577072225
-44871892260
-44026754058
-45730924778
-40842619612
-39207074827
-42636950052
-37829012024
-35021453043
-34389472953
-35170666151
-35757474308
-34718303513
-32663680071
-31977716438
-35262481607
-37384446761
-30802718938
-31031949070
-37678493646
-42293153885
-43850064137
-43500395493
-43896861102
-46128761836
-49580160073
-48566494142
-52150817979
-53938012489
-61608779354
-63798106271
-61800438533
-60673111981
-62608559381
-66609132789
-60381808043
-67295052629
-68103633645
-70809384078
-68132696797
-63823883115
-65046871842
-63381350529
-65343043301
-62870818264
-64128601802
-70627508686
-75748599864
-78897116772
-80263724731
-78725890436
-82463571551
-81874648323
-80501360650
-81476110944
-88172832930
-87766812816
-87585598978
-93482462754
-90565303759
-94037771567
-101077561922
-93397243621
-94214969717
-102827674345
-113497949066
-117813803868
-119312165699
-112731714153
-110460933065
-115940521685
-111521722626
-124455116263
-121616721515
-136253866637
-135786880010
-136433193215
-132767190641
-129933735472
-133010443228
-127604845593
-131924894386
-131212054836
-135649795906
-137619697469
-141289932655
-145231958395
-140593722441
-151788931086
-155445709104
-151458426884
-154496496395
-151698969114
-153691945230
-136023930087
-140126108585
-153110895758
-161937180522
-166989492728
-163398729392
-168684327246
-160782129631
-170098609226
-172796210828
-177205848292
-186477887312
-190462533416
-198555734546
-206134442365
-218630815279
-204291784202
-216446770726
-210534187911
-196979897900
-205844398468
-221381142272
-216086048255
-231091872359
-236823780828
-240236574736
-244578223678
-244746856056
-246723547215
-235280376433
-236007426375
-246291603941
-256337910675
-258199007607
-251154500786
-248583593442
-257700060120
-264054527022
-262018522464
-272006823544
-264485328673
-274298742104
-271725428351
-269169992850
-292898211257
-294907365994
-285296493130
-270144686729
-268547454652
-267334183890
-267341978688
-280908585753
-281073113181
-297147869085
-310677205382
-336155332556
-356917962025
-346604828084
-355460627169
-365241245641
-368464072309
-397775376314
-405856096892
-419284992520
-434271198219
-427745838970
-424920815539
-436783921013
-445122020207
-467299922114
-474155099572
-458516962236
-466990887919
-495414065343
-494308740544
-496768377518
-536764533825
-565365726240
-577197058456
-595955208052
-616088628916
-593956215280
-555909087252
-574335580803
-579560239784
-598739327033
-641989039665
-647131547221
-643664300426
-657826109526
-677758159007
-633621203384
-651030919767
-659118301456
-644855508963
-701033709936
-704922897119
-729022819895
-729926206288
-796880839367
-812141859833
-841162389324
-875646998422
-932672088400
-910469799490
-1017788987893
-1057377836365
-1087773363630
-1172655432893
-1151063639415
-1326836541278
-1446226127444
-1669420470120
-1775480878248
-1936868829572
-2116167222095
-2328931357425
-2602674077374
-3064974813882
-3482959528290
-4231721369013
-5175827671191
-7464148067039
-11059523018852
-21960936088419
22406121494
