296362
295569
295165
294522
294509
294218
293440
293370
293240
292941
292643
292597
292595
291295
291171
291146
291133
291091
291062
279471
279337
274750
274672
274634
274600
274546
274545
274209
274206
274173
274162
274158
274088
273895
273860
273831
273793
273780
273772
273760
273665
273007
272960
272929
272842
272824
272785
272779
272153
272123
272103
271877
271854
271833
271792
271302
271284
271276
271262
271252
271238
270916
270895
270889
270878
270535
270495
270459
270443
270339
270321
270315
270257
270238
270055
270053
270035
270025
269979
269978
269968
269864
269852
269851
269756
269680
269662
269649
269643
267384
267309
267305
267301
267248
267231
267203
267009
266995
266993
266818
262515
262334
262325
262323
262291
260542
260493
260491
260488
260485
260479
260478
260477
260409
260397
260392
260366
260363
260324
260322
260248
260245
260219
260085
260084
260064
260057
260052
260035
259916
259915
259908
259907
259904
259900
259876
259873
259727
259714
259511
259390
259380
259330
259325
259322
259170
259131
259110
259088
259078
259070
256663
256661
256409
256402
256393
256386
256368
256327
256308
256286
256284
256248
256244
256109
256107
256104
256103
256100
256099
256093
256085
256081
256058
256025
256012
256007
255670
255669
255664
255388
255386
255385
255335
255332
255324
253270
253266
253236
253229
253228
253223
253213
253210
253209
253171
253163
253161
253159
253157
253084
253083
253001
252992
252985
252837
252835
252793
252759
252756
252742
252741
252719
252693
252689
252678
252671
252670
252618
252616
252325
252324
252307
252305
252304
252286
252285
252268
252267
252255
252253
252248
252168
252167
252147
252113
251932
251929
251915
251912
251907
251489
251488
251484
251483
251481
251473
251472
251471
251466
251465
251460
251459
251410
251406
251405
251398
251390
251389
251383
251378
251377
251376
251364
251360
251359
251322
251321
251308
251307
251305
251302
251299
251297
251296
251263
251261
251238
251230
251229
251227
251224
251221
251217
251213
251212
251209
251208
251207
251205
251203
251199
251197
251195
251193
251192
251191
251190
251187
251186
251185
251184
251181
251180
251179
251173
251172
251163
251162
251159
251154
251149
251148
251146
251143
251141
251134
251127
251113
251112
251110
251109
251101
251084
251045
251043
251027
250994
250990
250984
250983
249728
249720
249699
249650
249578
248258
248254
248212
248210
248206
248204
248202
248192
248152
248150
248145
248093
248002
248000
247999
247998
247987
247967
247966
247964
247963
247960
247957
247955
247953
247891
247890
247875
247874
247869
247860
247852
247851
246270
246267
246258
246195
246189
392232
392248
392220
392221
392193
392191
392204
392203
392209
392186
392192
392101
392099
392097
392103
408542
408526
408517
408519
408517
408514
408512
408511
408486
408477
408470
408463
408463
408415
408416
408420
408424
408410
408413
408412
408412
408413
408399
408403
408404
408369
408392
408342
408342
408343
408350
409638
409629
409627
409626
409642
409651
409651
409656
409649
409649
409448
409449
409492
409487
392306
392326
392324
392317
392318
392318
392318
392319
392369
392456
392456
392459
392453
390983
390981
390981
391000
390999
391199
391199
391228
391401
391407
391415
391417
391427
391427
391382
391431
391359
391355
391357
385369
385352
385404
385459
385470
385468
385456
385398
385482
385484
385474
385477
385521
385658
385656
385660
385665
385670
385666
385660
385820
385823
385828
385830
385687
385683
385682
385681
385681
385674
385673
385673
385209
385193
385195
385183
385194
385192
385182
385154
385156
385149
382428
382430
383147
383149
497812
497811
497822
497623
497627
497599
497597
497597
497588
497585
497587
497596
497666
497651
497653
497656
497661
497614
497526
497522
497685
497685
500759
500751
500788
500786
500762
500766
527426
527442
527439
527411
527386
527388
527387
527448
527435
527435
527447
510741
510673
510673
510673
510664
510654
510615
510538
510541
510542
510545
510539
510540
510515
510531
510155
510154
510152
510152
510153
509116
509086
509087
509086
509098
509103
509058
509057
509055
509013
509025
509026
509024
509028
509015
509012
508997
509015
509010
508992
508992
508990
509015
509008
509009
509096
509139
509140
509140
509144
509137
509183
509182
502090
502137
502141
502143
502147
502133
502141
502126
502131
502129
502126
502130
502123
502127
502162
502163
502164
502164
502095
502106
502076
502079
501603
501603
501541
501543
501544
501556
501556
501556
501539
501534
501508
501506
501519
501517
501520
501516
501516
499240
499241
498208
498210
498215
498219
498218
498219
498221
498224
498224
498224
498564
498701
498720
498710
498709
498705
498640
498638
498637
498634
498633
498638
498640
498642
498647
498641
498650
498652
498727
498728
498726
499388
499521
499601
499599
499470
499483
499488
499485
499524
499529
499529
499531
499529
499539
499536
499541
499539
499529
499560
499572
499577
499570
499538
499299
499099
499035
499025
499072
499075
499071
499199
499195
499209
499242
499241
499275
499272
499281
499311
499312
499316
499316
499297
499299
499294
499298
499302
499304
464867
464867
464869
464872
464879
464880
464895
464893
464991
464992
464780
464772
464772
464769
464736
464744
464745
464848
464615
466119
466142
466142
466120
466120
466097
466149
466149
466146
466165
466271
465685
465693
465697
465697
465676
465753
465754
465747
465757
465730
465731
465644
535939
535939
535930
535935
535933
535930
535730
535734
535604
535604
535572
535567
535566
535398
535396
535410
535437
535441
535412
535426
535425
535427
535422
535423
535423
535423
535419
535417
535425
535433
535381
535381
535369
602666
602686
602793
725964
725957
725940
727279
726787
726908
726624
726617
726611
726941
726944
726948
726979
725880
725999
726031
733320
733340
733754
733796
733923
733547
733577
737253
737343
680893
680927
680895
680949
680901
618799
618806
618821
618822
618821
618864
619274
619311
619344
619390
619399
619422
619597
619629
619695
619697
619763
620503
620539
620672
620700
620705
620780
649945
649542
649546
649772
649800
649802
649769
650576
650580
650686
650805
650885
650865
650869
652836
652847
653161
653151
658221
658221
658288
658296
660659
660670
660704
661064
661219
659557
659587
699981
699916
699917
700065
700220
733859
733931
733991
751174
753697
753875
753951
753998
754050
754154
754238
755410
758203
758871
758897
759233
759312
759384
759562
761005
761810
768034
769538
770303
770966
771009
770883
770938
770931
770967
771138
771242
771666
771932
772264
772336
772376
772865
774616
811023
811161
812237
815399
816536
816611
879618
879967
884315
884961
885149
892274
892400
892495
916804
917323
917688
918228
918352
919775
919821
928823
929037
930306
944644
942697
946658
946861
947425
950212
959723
961447
962862
976761
981281
982123
983768
995700
996769
1001815
1011919
1012630
1020309
1045410
1067667
1069841
1077671
1081219
1096885
1098610
1106335
1137048
1147875
1147737
1177109
1178383
1204477
1215940
1230187
1251989
1310973
1318606
1343659
1371247
1420866
1468021
1510987
1581239
1686914
1820931
2012708
0
