1113720
1108455
1103103
1117084
1117010
1145362
1152856
1155559
1163123
1158265
1158522
1170431
1166402
1161048
1157696
1159493
1178846
1176459
1177569
1175619
1178366
1183748
1185355
1200669
1196948
1198078
1192232
1205862
1207766
1209535
1213885
1211388
1213836
1225700
1228455
1225626
1235639
1245133
1259820
1277016
1278245
1289307
1283876
1301263
1323024
1325510
1331962
1332220
1347753
1365215
1365866
1378269
1372603
1393038
1403127
1415406
1418426
1445379
1456986
1464593
1467896
1478172
1479414
1491185
1515643
1546767
1546248
1567578
1612542
1624682
1607326
1633880
1651384
1674806
1694058
1720653
1768072
1808071
1840385
1863663
1905472
1944384
1993861
2029809
2061210
2114342
2162048
2204167
2272821
2331474
2404847
2479551
2577019
2666101
2786275
2954859
3159586
3438337
3815258
0
