24822217574
27201324233
28669831613
25227256599
24336914504
22770360448
23291613776
24937881718
24682467513
26163590110
25486487842
26421883463
26723445476
26754958383
26897670628
29795029470
26109683312
29128645376
28617445845
27694018589
27462600017
29164110796
29367087420
28012982850
26023938818
25974925265
26627475296
27903597830
27783374301
26997254249
25478126417
25892487761
27346790616
26814466006
27956660753
30862264594
31792554861
32069603820
32961094084
34194171109
33503970464
34137587401
32901638553
31243580101
28740075130
26315674381
26742223904
26425795218
24843260945
23947945198
21631505379
19981402957
19841014456
20290372162
20300733450
22217850605
23141331567
21794289977
20818561155
20296663163
20382864247
19468147343
19425934530
20993648224
20742178235
20862144699
21190238368
21427756883
21974763396
22932697304
22116997156
22775236218
22719919464
22141424986
22045715829
22720062234
22662556249
22886036486
22351945784
21532166451
21835151756
20873235467
21344473026
21749659872
22824950527
22850146405
24011463445
23993084655
22504031760
22657466502
21483704365
21797271228
21803104088
21606717251
20867832815
21462012752
22220868750
20952901004
20703418450
19803094074
20553771704
20046621076
19558919618
19046088770
19948346414
20555591090
20158419487
20548645999
19926361308
21054500227
21331751611
21832427977
22236061716
22455652760
22686945461
21811223792
23252432268
23464851929
23356591455
24140265180
24969007133
24046262687
23655348234
22971221954
23726868060
25033331982
25336397432
24927264360
25629419949
26706940628
26013310925
25145762595
25219063915
25362585974
25245062862
25860827220
25894354536
27663394353
26372086614
24635050896
24828968090
23834454596
23069513610
23374288331
24373877947
24481563506
24993635759
25589723104
25240217687
23774305549
22842438578
23460596548
22645407143
22505529971
21952645732
21281979873
21706145566
21680167470
21843063076
21674322500
21835431006
21694802976
21066550525
20964543831
20314466623
20272516860
19701784840
20248401508
19732005848
19171218513
18605369680
19502060758
20259051426
20839413637
20873075750
21252785537
21674280277
22923269794
23488023306
24137671593
24390826988
24506867865
23865932885
24122913900
24037946746
23735315550
23593694533
22863483237
22217835437
22548737020
22690785677
22659829548
22620098302
23593260038
23418495810
23386606384
23783532623
23432874014
23774699571
24582027121
24250706963
24959336783
24705910075
24236832949
24434882643
23904575381
24486633020
24224568913
24201217108
24319362174
24204353275
25062976486
25055968470
25104414645
24601273180
23674142772
23511613821
22944934767
23116880867
22872165237
21699302422
21723074163
21954690516
21749292562
21686233332
21858700712
22407262633
21178657106
20821126763
20657158957
20584029160
20097422305
19749695078
19113178553
19635518849
20011954322
20648690358
20847462666
21515450611
22293621846
22036130889
22195419454
22452514716
22101614129
21767376648
21135461565
21050765159
21576624089
21869728276
22119144863
22342275801
22437613091
22394102178
22078497967
21988802285
22651212221
22646942028
23114911219
23237282817
23639636419
23677780735
23554688847
23900683149
24701706126
24237561954
24368798801
23686651505
23848382099
23648146025
23046268142
22942649884
22676304769
22834990090
23089887851
23406327185
24288304616
24454028316
24415885786
25434180093
25837980905
25759693559
26003663084
25995810521
25864943705
26187891468
25556044233
25225252034
25202786126
25383985542
25995863882
26406094306
26497001613
25986497749
26208833469
26862971896
26722106591
26716843094
26994865582
27130453011
27058693914
27214495347
27290772854
26854206086
27068260404
26927790232
26984817966
26881510877
26253872973
25803782985
25916416147
26441650344
26563634840
27220758287
27530723320
27718623776
28148620076
28486430046
27757347091
27998086470
27892943768
28280960189
28369382870
28219818450
28595051926
28552530442
28113423072
28211375376
27907370577
27696205774
27713598047
27570692141
27112247275
26654348334
26802203013
26656168779
25821410788
26241559968
25870864742
26169775083
26851085673
26377402293
26514699884
26310214474
27131231790
27725229093
27499569504
27390381494
27577429196
28078586126
28619483025
29077974316
28782325018
28813046741
29370743936
29570009725
29278779233
29129311628
28586534925
28628667536
29333409110
28858487339
29027289261
28897833633
29381748299
30087288066
30322422852
30891693087
30904207575
30553404430
30980582267
31212996876
31269733839
30711484534
29964094734
29643224632
29404166486
29452847214
29622755770
29888768997
30079439073
29763101014
29175482346
28948687052
28808245389
28497132413
28274104029
27469317847
28030802664
28116419824
28397362020
28694874414
28349302593
27681179603
27457988066
27025764338
26454271719
26156914069
26497299823
25618702536
25593168787
26582033048
26450994138
27426434846
28030058509
27868581783
28450417543
29134700571
28967220059
29956430414
29615477353
29536219133
29570244484
29678346089
29573777639
29145895312
28395403624
28788358386
28963267720
29936165203
30148800028
30836714629
30698814754
31208827230
31179718961
30603823362
30692040844
30480372806
30140509450
29585715431
29562084015
29251985519
28853790322
28420904339
28930018450
29079265307
28566390831
28644663548
28490317076
28148240578
28092363157
27816790400
28073985558
28123819240
27757077929
27220495720
27049070637
26826096936
26990954609
27213507026
27201167903
26943042169
26671865372
26595697979
26470429349
26829910380
26892453017
27534228011
27444606526
27150438067
27081812935
27549641161
27471162764
26947920257
26866388797
26087961325
26101577242
26101963679
25928986894
26626268228
27183914425
26717873035
26473616362
26938433637
27948294599
27717182304
27547848310
27163154068
27118764433
27296450278
27600728024
27843164711
28052294811
27899288505
27749414444
28078633555
28111031219
28222458337
28648067536
29045367349
29451433283
29198695356
29010668701
28891392558
28974451951
29233117358
28583683050
28065928566
27980267628
28267741554
27984708505
27655023804
27461702760
27251714599
27067252254
27070787762
26840531568
27086139297
26934348973
27136167996
27568506709
27441763432
27204289883
27174659135
27702706868
27789414895
27823820571
27872625146
27720877005
27838132409
28301772789
28560924591
28293680435
27849884863
28229227531
28562845412
28562746077
28363994623
28503416914
28469296304
28540950212
28507164485
27969322556
28035140493
28032312184
28075814438
28799514725
28761164553
28999510249
28509869353
27643166399
27039896039
27126856092
27510926059
27262016351
26202105565
25514163466
24697783882
24860556169
24482810928
24521512240
24434588524
24155938801
23933054295
23500862396
23549228558
23514117372
23820900416
23578972601
23474982331
23097288650
22868623583
22887873992
22878236162
22848528246
23633079382
23177796195
22961599821
22532709062
22310267773
22653970309
22805549110
22550469827
22283112236
22307993585
22002987564
21727999956
21482472750
21407469697
21478003182
21379908704
21252233423
21225323759
21667712941
21971262081
22304099225
22671827959
22796475630
23388621552
23030107028
22956726011
22969983192
22949962134
22510114012
22871322655
23190075150
23070920322
22693911657
23144640259
22710247070
22977731621
22790111562
22468887236
22786259459
22760446184
23170916124
23915159160
24589830185
24788001385
24726649596
24274165908
24340435311
23979076900
24139036232
24204296971
24580862689
24882756766
24580195501
24097890483
24534406910
24246076407
24628113106
24480879299
24377981271
24363274468
24606440110
24750028144
24589245010
24778819964
25138485990
24966590288
25538695181
25900764811
25728404823
25960049553
25347556322
25436796546
25423419787
25341029118
25040061474
25312223452
25218610009
25776275016
25975497048
26130727048
26221522664
26453939918
26165649130
26295418527
25540819560
25697397950
26180999098
26224716884
26216417338
26544375018
26069666364
25525523638
24763514764
25016806614
25018168700
25065147112
25041316479
25591233373
25591515322
25363059284
25243687132
25450478458
25499522163
25357027840
25087285507
25037258191
25277781382
25449573822
25463505134
25582293289
25843861622
26943572075
26819286929
26919204620
26754113861
26638127960
27195589147
28085268433
27684161139
28423652941
27780619802
28176641526
28506642778
28611461551
28126700852
27900176922
28066277756
28138822725
28092338389
28642327566
29219462579
29317422029
29454899563
29893935657
29998088042
30072714127
30520738444
30433483574
31055166460
31261002675
31574652693
31504974292
31729004310
32222233817
32404395515
31965518706
31137620049
30594769097
30542386301
30261057604
30660530968
30204852745
30604913812
30419859179
30679538535
30108724418
30190298304
30408290746
30203026398
30295065994
30192345885
30289915634
30336072970
29752864550
29479087640
29283928392
28692446456
28269168145
28658556294
28462489279
27788145738
27347944473
27621583303
28013105724
28008360684
28613534150
28166283412
28148454716
28478271200
28441046944
28472214954
28444897232
28903438009
29643622590
28965432309
28228226406
28470087648
28455726872
28003046009
27975593928
28224334303
28909168859
29838680969
28619647082
27473329045
27745858456
27857073466
28211069093
27983347573
27935702426
27244747887
26696062263
27337299079
27059254549
27304523241
27488009213
27369249253
27092065901
26820532181
27085199224
27192551820
27587953700
28692909818
29282539582
30240682653
30552561400
30876372046
31558527151
31784243663
33292240728
32565173657
32569561416
31927207221
30891245761
31176901902
32079877929
32535791644
32625068000
32591881934
32746194575
32263107669
32678442552
32854673760
33128324804
34684556487
34358579018
34788020696
35231148467
34749150619
34506407980
34531362551
34980970865
35716393019
35826135574
35316313382
35001388418
34912811808
35161217077
34970292972
34551778364
34845978273
35885436165
36074210869
35808841903
36260297210
35990312647
35682263736
35675555371
35979632255
35986861630
35953243844
35360873794
35886490287
35849134006
35759214738
35807314499
36929282011
36779849149
36113031443
36036206584
36645722111
37573764859
36845554479
36884626804
36890924053
36243365073
36790411338
37775149984
37533315441
37489152006
38447140402
38134854536
36422081884
37590469134
38091696906
38236455516
38420417825
38681425663
39450728398
39106447862
38230643152
38891983829
39175981907
39798724600
39541158780
38762716622
38737831045
39855945786
40144719920
39426571320
38465937257
37623126094
37484994314
37369348503
37769692061
37701260538
37567315705
37373691046
37804039005
37692029426
38167618233
37566919489
37273163007
37125337245
37218552769
36720622607
36953619870
36512712106
36500725364
36652962688
37699773851
37725934408
37690805585
37137591662
37596119692
38585971680
39634365502
38838299661
38556495383
37524833522
37893374964
38061029209
37859036529
38509337253
39171611379
39307774369
40269446452
40403128879
40234816632
40175977807
40474402015
40648425273
41791862231
42419272064
41564866145
41325213122
41416319383
40866145780
42162292780
42760866777
43220897138
43471448246
44302178525
46226950092
46228318377
46886897783
44923080986
45365439739
46077318556
47657706010
47150402330
47663025249
46790116378
46533604454
45483874249
45661933225
45322623046
45339107361
45775904245
46482667305
46876073235
46215657363
47475969980
47889115451
49046789023
50317599125
50236417891
50103274273
51492698697
51001235648
51788784120
54578019652
54611487237
55186354263
56193857038
56108655822
56105721787
55398019863
56338687338
53662184544
55308695049
57122751174
58471025223
58922410668
57615931801
60058556178
61781256543
60853643394
60903231201
62272978899
64379677355
64562559265
65066721119
64722602412
64551874412
64499443269
65372605523
68911300278
68808866946
70755465762
72735351477
72059903742
73489595016
76000546581
76120966868
79046704273
79605886967
79616643085
83193420787
83122554344
82179637827
83333566765
81934374957
85560552871
88367086656
91040661937
100775983472
101848425531
107642309494
112296475538
115721224929
120458519501
121390486692
130152967985
137959856584
0
