13337
6661
4503
3420
2850
2390
2054
1773
1591
1426
1312
1142
1006
932
876
868
811
746
655
697
628
585
570
554
536
519
515
510
501
485
459
474
443
415
427
377
401
402
395
378
356
318
359
369
345
336
316
312
320
300
286
309
290
310
305
261
249
276
262
229
264
251
261
251
256
224
228
237
236
212
237
221
203
262
206
211
223
219
217
197
171
168
188
206
186
189
183
184
166
173
149
188
159
183
168
165
169
164
187
151
169
161
159
178
149
173
159
148
160
166
154
147
140
122
135
126
164
139
110
151
111
133
138
149
127
136
131
172
129
135
125
113
127
108
105
143
94
119
139
133
118
119
117
102
119
116
129
122
119
93
112
113
119
108
110
132
121
113
92
98
101
106
91
110
108
104
107
108
92
98
101
96
94
132
87
95
97
90
90
99
79
101
122
78
85
100
97
87
94
90
78
80
75
91
88
99
118
95
101
76
88
87
100
77
102
90
83
88
96
87
86
91
73
90
70
89
92
80
87
89
84
87
86
86
85
80
89
96
80
88
90
74
102
80
91
79
80
88
62
79
101
84
84
82
82
70
89
63
83
68
94
92
80
74
84
83
73
55
70
60
58
87
51
74
61
72
72
77
72
71
79
55
63
69
70
71
65
83
69
64
77
60
63
78
58
65
75
75
64
69
61
72
68
71
74
72
89
63
79
71
59
63
47
84
69
66
76
71
65
57
54
65
68
75
68
67
71
44
68
49
78
65
51
70
63
57
60
68
54
46
58
44
60
73
54
61
66
58
65
70
75
56
60
51
56
66
60
63
60
53
70
57
67
62
51
55
61
67
56
54
50
52
57
53
48
50
59
63
46
56
55
57
54
49
69
57
44
55
55
49
59
40
45
76
49
51
53
48
62
57
52
50
58
47
72
41
54
53
54
49
49
63
47
61
57
51
55
56
56
67
44
46
53
59
54
60
67
62
51
51
52
59
52
56
43
62
54
51
44
60
52
56
53
58
45
52
51
64
55
59
55
48
42
62
56
57
48
50
48
52
60
53
60
35
41
55
45
55
59
40
61
53
50
57
51
48
57
50
65
50
43
54
50
52
57
48
46
49
55
53
48
58
47
43
59
58
57
53
48
50
50
51
49
55
48
55
53
47
57
47
43
44
49
44
45
69
62
56
61
53
60
51
55
60
56
49
44
54
44
52
55
57
59
53
43
60
55
56
52
47
58
58
62
53
63
55
47
62
54
54
61
42
52
60
57
44
59
50
53
46
58
56
46
56
53
46
67
43
58
46
66
51
52
60
42
61
55
51
57
64
43
46
65
46
57
52
64
59
54
43
58
50
60
58
61
53
67
61
61
56
50
59
55
45
51
55
51
41
46
53
61
59
61
65
47
46
48
45
58
44
56
59
51
58
52
50
46
59
50
60
51
64
71
61
57
57
51
67
44
55
53
63
51
66
52
50
66
53
62
69
55
65
67
68
57
61
65
69
64
50
55
55
62
62
63
66
70
51
69
56
59
60
58
54
57
62
59
64
51
60
69
50
68
59
71
66
50
61
65
68
69
59
62
50
65
74
65
68
56
52
60
73
69
49
55
57
84
55
57
70
69
71
63
70
51
62
51
73
65
68
63
72
61
70
65
60
69
70
70
81
74
77
76
69
80
76
61
66
86
100
61
78
67
78
69
78
73
69
72
77
73
73
87
73
66
69
81
81
71
65
80
71
96
87
73
84
75
96
70
98
70
79
58
84
87
87
84
78
79
95
80
92
80
63
85
86
83
94
99
79
88
87
84
90
89
103
87
87
81
82
78
88
107
104
91
94
98
99
79
112
86
105
95
94
97
113
124
95
96
94
105
95
107
112
100
115
104
109
109
78
106
120
105
118
107
104
125
98
124
91
127
125
117
114
118
108
120
104
113
128
121
109
108
121
126
114
148
128
113
120
126
136
115
144
124
125
147
139
133
120
145
145
131
129
161
129
144
143
154
152
135
172
137
144
158
159
150
146
142
167
182
181
143
178
166
164
169
182
162
162
194
163
186
197
169
170
180
188
201
189
176
187
229
201
205
200
206
175
195
197
197
190
195
215
221
211
209
221
218
208
216
219
209
256
235
239
255
231
256
268
229
234
254
264
253
280
279
267
308
311
296
278
301
313
315
342
304
315
321
316
311
297
325
339
364
377
377
432
362
388
397
405
459
422
441
461
437
509
528
547
588
574
536
557
621
643
681
707
744
801
832
922
983
997
1063
1142
1268
1365
1512
1647
1865
2075
2395
2845
3351
4226
5589
8350
16802
0
