1.45244e+06
720493
489211
373689
305170
259598
232486
199768
187643
164587
153600
143429
126233
114064
103512
97628
93317
89241
78213
77381
75191
67841
66666
62580
60637
59252
56162
54107
50872
48850
49468
48129
43949
45857
44175
42476
42976
40863
40025
40971
39824
41915
40771
38736
35464
35648
35921
33758
33707
34088
32436
31777
30379
29134
28430
28334
27252
27564
27954
26269
25057
24791
25259
24372
23464
23892
22482
20644
22049
22096
21937
22268
21189
20298
21777
22250
22500
22286
21424
20892
21789
21500
21991
22501
22439
22603
21545
20640
20712
20523
20642
20714
20723
19751
19962
19532
19065
18948
17995
18088
19291
18899
17789
18305
17948
17271
16885
16022
15460
15466
15635
15881
15434
15357
14346
13932
14260
14169
14260
14003
13998
14248
14145
14578
13593
13097
13141
13959
13870
14532
14074
13756
13611
13462
13114
12442
11622
11234
11221
11151
11023
10724
10208
10585
10933
11088
10725
10879
11138
10507
9858
9420
8855
8531
8654
8541
8886
8792
8305
8095
7972
7686
7731
7856
8053
8033
8133
8096
7913
8336
8320
7822
7348
7009
6953
6593
6809
6618
6234
6339
6442
6278
5747
6148
6396
6285
5937
5884
5580
5469
5348
5496
5721
5791
5976
6165
6202
6059
6670
6510
6450
6261
6290
6398
6383
6451
6860
7152
6748
6800
6544
6351
6631
6381
6473
6263
6026
5350
5304
5602
5731
5799
5770
5923
6172
6282
6453
5821
5646
5446
5169
4927
4980
5214
5363
5553
5522
5790
5574
5747
5548
5703
5732
5532
5423
5180
5350
5534
5383
5531
5496
5430
5445
5487
5557
5954
6152
6107
5830
5693
5650
5839
5772
5611
5672
5697
5612
5356
4937
4652
4725
4778
4987
4750
5033
5083
5148
5210
5088
5019
4956
5288
5399
5530
5445
5564
5698
5638
5992
6066
5792
5496
5424
5306
5256
5159
4861
4681
4676
4556
4550
4504
4451
4382
4216
4388
4094
3916
4050
4324
4173
4070
4092
4227
4401
4824
4715
4800
4821
4945
4785
4773
4512
4360
4771
4796
4390
4597
4290
4293
4072
3937
3806
3675
3863
3718
3602
3566
3605
3569
3353
3376
3394
3569
3386
3597
3650
3765
4046
4043
4263
4187
4274
4175
4122
3821
4011
3773
3760
3731
3863
4024
4204
4141
4184
4402
4237
4322
4356
4463
4564
4673
4617
4703
4843
4465
4281
4459
4370
4478
4365
4370
4493
4503
4400
4545
4271
4338
4527
4512
4765
4712
4450
4523
4759
5066
5029
5115
5422
5391
5387
5308
5336
5115
5265
5276
5344
5367
5746
5676
5287
5190
5296
5412
5365
5243
5192
5102
4845
4752
4782
4926
4732
4713
4815
4964
4986
5059
5039
4969
5133
5148
5069
5146
5227
5381
5580
5548
5338
5316
5579
5712
5767
5791
5779
5566
5361
5431
5456
5706
5747
5774
5766
5467
5746
5526
5505
5536
5614
5596
5222
5113
5438
5288
5466
5377
5347
5289
5192
5221
5022
5159
5071
5201
5303
5343
5691
5983
5769
5487
5393
5088
5006
5029
4971
5024
5242
5540
5409
5241
5215
5110
5181
5434
5538
5650
5682
5568
5562
5644
5776
6095
6049
5740
5609
5764
5696
5459
5448
5623
5791
5707
5819
5597
5706
5953
5566
5384
5259
5293
5366
5065
4973
5034
4744
4698
4787
4755
4616
4794
4836
4808
4993
4959
4567
4530
4741
4754
4755
4952
5046
5179
5246
5186
4885
5151
5272
5409
5291
5376
5291
5342
5515
5438
5408
5661
5673
5651
5851
5830
5545
5735
5428
5404
5333
5377
5450
5709
5881
5820
5747
5948
5993
6046
6051
6102
6215
6067
6445
6629
6609
6553
6463
6453
6193
6295
6510
6707
6603
6686
6563
6599
6610
6434
6046
5805
5885
6102
6164
6108
6001
6200
6397
6483
6455
6280
6039
5573
5489
5771
5527
5483
5397
5070
5093
5016
4647
4512
4671
4590
4555
4423
4598
4703
4790
4843
4998
4950
5009
4782
4858
5012
5211
5407
5505
5485
5639
5814
5933
5821
5884
6007
6156
6208
6438
6755
7145
7093
6933
7143
7242
7278
7179
7368
7494
7578
7307
7010
6729
6654
6904
6662
6582
6587
6797
6629
6602
6934
7149
7101
7259
7081
7078
7120
7367
7447
8124
8130
7862
8059
8240
7954
7979
8080
7915
7795
7876
7712
7642
7500
7365
7725
7956
7905
8025
7216
7292
7318
7258
7512
7773
7616
7755
7617
7629
7364
7081
7039
7318
7764
7300
7435
7267
7293
7375
7498
7386
7188
7075
7087
7105
7169
7133
6823
7153
7625
7439
7358
7053
7171
7493
7190
7017
6819
6793
6458
6835
7272
7220
7613
7761
7820
8195
8328
8450
8579
9028
8816
9036
8871
8691
8936
8399
8605
8524
8440
8062
7762
7759
7930
8201
8436
9063
9137
8635
8362
8054
8008
8169
8219
8356
8153
7780
7409
7216
7448
7362
7394
7169
7098
7559
7724
7417
7532
7186
7096
7233
6819
6705
6760
6931
7073
7029
6741
6715
7043
7195
6768
6997
7705
8390
8913
8741
8745
8918
9443
9372
9542
9784
10393
10394
10055
9832
10095
10666
10153
10657
10920
11065
11103
10845
10705
10334
10431
10259
10638
11073
11275
11355
11288
11005
11026
11104
10816
11302
11687
11788
11685
11836
11239
11783
12268
12101
12088
12436
13006
13796
14040
13405
13324
13656
13481
14227
13996
14899
14898
15037
14880
14825
15327
14861
15017
15332
15979
16012
16345
16562
16101
17365
17720
17827
17849
17452
17569
16558
16730
17440
17576
17981
17529
17650
17514
18018
18034
18591
19922
20334
21126
21347
22439
21064
22086
22032
20877
21634
22952
22674
23866
23837
24116
24056
24286
24109
23336
23387
23944
24362
24648
23474
23182
24068
24430
24267
25730
25410
25385
25528
24785
25742
25666
24881
23915
23763
23468
23304
23314
23035
24510
26115
27381
28097
27648
28250
28765
28593
30425
31398
31802
32487
32613
33338
34223
35768
37616
38484
36525
36589
37575
37537
38153
40929
42573
44293
44251
45628
43485
41783
42508
43882
45360
48378
47741
47270
47558
50474
47107
48311
47986
47066
50862
52531
54922
53663
57199
57850
60075
61889
65438
63844
70691
74186
76013
81546
81303
93533
101141
113359
119045
129468
141060
153673
172771
202092
228165
278957
340151
489886
726888
1.46398e+06
0
