24804
12282
8236
6324
4858
4234
3606
3196
2853
2489
2210
2114
1908
1798
1707
1615
1522
1454
1362
1270
1209
1104
1084
1099
980
954
957
875
865
820
850
767
812
759
730
755
712
654
663
624
597
622
643
559
613
501
567
488
557
540
505
514
489
468
436
465
459
467
452
395
459
425
416
418
389
437
375
384
369
375
349
399
341
375
376
367
341
339
356
345
363
316
327
341
326
302
319
327
323
309
258
293
297
295
255
259
259
298
266
249
261
295
266
241
279
246
230
270
248
261
238
234
202
266
231
210
227
244
229
234
245
225
208
226
227
238
213
213
221
228
217
203
217
224
214
215
203
185
198
213
210
186
197
216
198
172
181
194
224
188
206
189
171
226
203
192
168
182
175
183
191
165
162
179
160
187
180
160
182
162
169
182
187
155
159
169
157
166
176
168
188
150
154
168
156
180
170
148
141
150
145
154
135
154
179
160
171
145
187
143
170
168
139
140
144
151
145
130
157
174
160
156
142
150
149
153
148
167
145
145
146
120
148
134
147
147
122
136
146
142
134
125
129
132
133
141
117
130
126
131
125
118
115
127
130
116
117
136
134
134
115
123
143
117
112
120
118
125
109
100
114
148
132
122
126
115
111
95
148
108
117
126
138
114
121
108
110
108
122
140
123
105
119
117
123
124
113
120
110
135
117
120
113
118
104
105
105
110
114
96
96
110
120
111
106
109
96
106
97
110
127
90
105
131
108
107
106
102
125
101
120
108
120
106
93
111
92
107
110
110
107
120
88
102
74
88
99
109
97
113
88
100
88
83
98
96
81
91
112
86
87
81
91
106
84
98
97
79
90
86
92
77
93
83
84
103
94
103
95
92
86
102
86
90
98
94
87
91
105
88
67
94
81
87
91
89
99
96
100
89
80
86
76
84
85
94
76
75
107
81
85
77
95
84
92
78
90
90
84
99
102
94
87
78
93
80
77
80
85
106
104
80
84
87
82
92
98
95
77
95
87
103
98
92
103
107
92
95
73
93
103
92
86
80
87
98
83
82
93
103
70
96
98
79
90
103
92
104
102
84
75
106
82
88
94
98
111
105
99
93
102
86
102
107
108
100
84
84
108
98
97
99
105
97
92
114
110
108
95
114
84
130
98
116
100
116
100
103
105
101
111
99
108
100
101
116
102
112
110
106
108
126
95
105
100
107
77
96
94
110
112
96
116
110
88
103
106
102
118
107
100
129
82
103
107
90
113
108
125
111
107
108
108
86
102
119
128
135
110
90
97
89
99
93
87
100
94
93
95
134
102
119
102
98
100
96
103
95
104
93
112
92
96
102
87
109
113
91
102
92
104
95
103
93
101
97
103
84
99
91
90
99
85
104
105
89
98
102
74
87
97
90
113
87
97
104
112
98
101
102
103
96
103
122
115
99
105
129
101
90
123
97
106
94
98
84
99
101
93
86
98
101
113
107
94
92
122
88
112
110
102
90
91
90
101
98
107
117
86
91
95
107
92
104
115
105
117
117
84
97
99
112
93
92
121
82
95
91
100
107
98
106
105
106
91
107
113
104
97
115
119
94
101
129
99
110
104
112
105
121
108
106
99
116
111
118
99
118
88
130
115
98
97
87
119
105
130
115
95
110
106
109
123
116
119
134
98
108
128
116
128
123
113
113
103
95
114
116
102
129
105
107
121
128
116
105
102
127
105
109
101
115
107
113
112
121
111
108
121
111
121
120
121
115
111
136
127
123
109
105
130
125
127
129
115
120
128
144
118
107
139
127
104
108
117
138
98
111
145
135
133
117
126
134
130
126
134
114
128
113
128
134
115
113
125
129
139
123
143
130
129
138
154
136
144
166
144
145
138
161
138
145
137
146
163
131
156
159
155
146
165
136
152
145
161
155
139
150
133
145
166
174
167
163
160
167
143
169
159
153
174
184
157
186
167
174
168
186
194
205
189
170
200
172
187
197
199
163
195
184
207
207
205
198
205
202
203
205
207
203
193
175
203
180
192
214
203
197
225
211
230
204
195
200
227
211
213
220
217
210
223
226
229
241
260
220
226
218
209
266
267
242
223
242
242
262
244
249
233
268
263
255
276
252
256
268
283
275
294
324
295
311
280
291
315
340
310
347
326
330
311
314
321
346
339
319
368
373
332
325
393
358
381
395
406
403
384
412
420
412
443
443
479
515
491
479
530
526
539
532
590
588
542
616
647
616
645
692
701
712
719
803
791
828
892
929
957
1052
1024
1113
1272
1217
1316
1360
1473
1631
1748
1879
2106
2239
2512
2830
3267
3834
4583
5698
7547
11056
22155
0
