309
131
102
75
70
39
53
39
45
37
41
20
30
23
32
25
33
30
23
9
15
11
17
5
12
18
10
9
10
11
13
10
8
10
7
9
6
4
3
4
2
5
8
4
2
8
6
3
5
5
2
3
1
8
3
1
3
4
3
6
4
2
5
3
5
2
7
3
1
0
4
0
3
2
3
0
3
2
1
2
0
2
2
3
4
2
0
5
1
4
3
3
4
2
1
0
0
2
3
2
2
0
0
0
1
1
2
0
0
1
2
0
0
0
0
2
0
0
2
1
2
1
1
1
1
0
0
1
1
1
1
0
0
1
0
0
0
0
2
0
1
0
0
1
0
0
0
0
1
0
1
0
0
1
1
0
0
1
1
1
0
0
0
0
1
0
1
0
0
0
0
1
1
1
1
2
1
0
0
1
0
0
1
1
0
0
0
0
2
0
1
0
0
0
0
0
0
0
0
0
0
2
1
1
0
0
0
1
0
0
0
0
0
0
1
0
1
0
0
0
0
0
0
0
0
0
0
1
1
0
0
0
1
0
0
1
0
1
1
0
0
0
0
0
0
0
0
0
0
0
0
0
0
0
0
0
1
0
0
0
0
1
0
1
0
0
0
0
0
0
0
0
0
0
0
0
1
0
0
0
0
1
0
0
0
0
0
0
0
0
0
0
1
0
0
0
0
0
0
1
0
0
1
0
0
0
0
0
0
0
1
0
1
1
0
0
1
0
0
1
0
0
0
1
0
1
0
0
1
0
0
0
0
0
1
0
0
0
0
0
0
0
0
0
1
1
3
2
0
0
1
0
0
0
0
0
0
0
0
0
0
1
0
0
0
0
1
0
1
0
0
1
1
0
1
1
0
1
1
1
1
1
2
0
0
1
3
1
0
0
2
1
0
0
0
0
1
1
0
0
0
1
1
0
0
2
0
1
1
0
0
0
0
0
0
2
1
0
1
1
0
0
0
0
0
2
0
1
2
1
0
0
1
1
1
1
0
0
0
0
0
0
1
1
0
0
4
2
0
0
1
0
2
0
0
0
1
0
3
1
1
0
0
0
2
0
0
1
2
2
1
1
0
0
1
1
1
1
1
3
1
1
4
1
2
1
3
0
1
0
1
1
1
0
2
2
1
0
1
1
0
1
1
1
0
1
0
1
0
0
0
1
1
0
1
2
0
2
2
2
0
0
1
1
2
6
0
3
0
2
3
1
1
0
2
0
0
2
2
1
0
0
4
0
1
2
1
1
2
2
0
1
1
2
3
2
1
0
1
0
0
0
1
0
1
0
2
0
1
3
2
0
3
0
2
0
1
2
2
1
2
1
2
0
2
2
2
1
4
2
0
2
0
1
2
1
1
0
0
0
1
2
0
0
2
3
2
2
2
0
0
1
2
2
1
0
3
2
3
5
1
1
1
3
4
0
5
1
0
2
1
2
1
3
1
1
4
1
0
0
0
1
2
1
0
2
2
1
2
0
2
1
0
3
1
3
3
0
3
2
1
1
0
3
3
2
4
3
5
4
0
0
0
1
1
1
4
3
2
0
2
2
1
0
1
2
3
1
2
3
0
3
0
1
2
1
2
3
0
3
1
1
2
0
1
3
1
1
0
0
0
0
0
3
2
0
0
0
1
1
0
1
0
2
0
1
0
0
1
1
1
2
1
2
2
1
0
0
6
2
0
2
0
1
1
2
1
1
1
1
1
0
3
1
1
0
3
0
1
2
2
2
0
3
2
0
2
1
1
2
3
1
0
0
3
0
2
1
1
3
0
0
3
1
1
0
0
2
1
1
0
0
0
1
0
2
0
3
1
1
0
0
0
1
1
2
0
0
2
1
1
0
1
1
0
0
1
1
1
2
1
1
1
1
1
0
1
0
0
1
1
2
1
1
1
1
1
1
1
2
0
2
1
0
2
0
1
1
4
2
0
4
0
0
3
1
1
0
1
2
2
1
0
0
2
2
1
2
2
1
1
2
1
3
1
1
0
0
0
0
0
3
2
2
1
3
1
2
1
1
2
0
4
1
2
5
2
1
3
1
4
4
3
1
3
2
8
3
5
6
4
4
7
4
1
5
4
3
3
6
5
1
3
3
5
3
6
8
7
4
8
6
6
5
4
5
6
13
6
9
4
9
1
4
9
6
4
9
10
10
10
6
8
9
6
7
7
2
9
6
5
11
8
8
13
10
8
5
10
8
11
5
17
15
19
14
18
13
12
9
16
25
17
16
21
27
19
28
24
20
33
31
47
39
67
76
126
181
411
0
