1.13938e+06
562332
381023
284662
229792
192446
163779
148218
134825
124205
114513
107200
98921
93927
86721
82872
79518
75279
73086
71099
70039
68581
66509
63997
62983
61917
58470
56866
55694
54244
52964
52520
51179
50895
48993
49220
47941
47432
47032
46560
45931
45335
44361
43763
44193
43889
44029
43207
42270
40927
41395
41300
40879
40911
41139
41914
41997
41556
42692
42517
42558
42524
43165
43304
43699
43860
44533
46075
46981
48447
49081
50694
51190
52488
54787
55923
57865
58562
60704
62524
65163
66557
70824
74449
77930
81947
86925
91772
97963
108281
119235
132842
149190
170557
199077
245223
322299
475211
953750
0
