2.47837e+07
1.24012e+07
8.18645e+06
6.22458e+06
4.973e+06
4.17182e+06
3.56478e+06
3.17252e+06
2.83078e+06
2.52887e+06
2.27291e+06
2.07898e+06
1.93651e+06
1.80557e+06
1.68668e+06
1.59879e+06
1.51758e+06
1.4248e+06
1.35253e+06
1.26943e+06
1.20404e+06
1.14911e+06
1.10256e+06
1.05415e+06
1.01262e+06
988951
959697
919357
880183
837557
822323
791701
775302
750525
732179
715067
693565
669216
661841
645140
632822
606434
595720
581644
572964
555614
535190
532226
526524
519963
500779
498146
492490
480918
471741
464922
458246
446178
441781
432554
420021
415154
412204
406810
400390
391356
388901
392620
388455
384030
373392
370362
366901
365718
362021
361305
356340
353829
345360
342285
341133
337288
332925
325790
324569
319962
318743
317575
310052
307795
301368
295582
290390
286108
281115
277948
276875
271438
266785
262775
261692
259958
256242
252182
251844
249838
246812
242267
240869
242592
243488
239571
234647
234032
232383
230860
230649
229673
229445
228829
226954
226012
225339
224287
223280
222074
221194
218326
217382
218396
219678
217000
214618
210793
210574
211286
209246
207044
206104
201486
202619
201784
198166
197343
194464
193440
195156
197287
196939
195403
194476
192587
191494
189988
186197
183788
183603
184230
181608
180428
181911
182941
179201
174996
174528
174470
173584
172888
172144
172585
172732
172663
173337
174220
171532
167839
166748
166526
165491
164825
164201
163431
161361
159917
159625
158235
157000
155432
155933
154780
155757
155303
155179
155489
156254
154945
154483
156528
157572
158510
158902
157341
155690
153638
152644
154004
156014
154865
156068
156728
155167
153839
152567
152794
152004
150131
148641
146402
145849
143637
140535
140356
141270
138650
138163
136889
134981
132689
131919
131753
131319
130657
130899
130117
128228
128590
127909
126700
128469
129086
128421
128004
128400
128989
127048
125389
124660
125163
126372
125854
125395
123725
122010
120848
121076
120810
121303
121069
121146
121341
120969
120394
121278
122233
122873
121506
119382
119439
119811
118487
117322
116771
117216
115881
115648
117341
117399
117637
119424
121037
120237
119141
120557
121275
120176
118423
117978
117011
117628
116612
116062
116062
114650
114262
113773
114036
112169
111487
111681
109345
109913
109762
108847
108217
107019
107080
107299
106295
105399
105836
105704
105414
106241
107189
107613
108483
108776
108210
107407
107107
107518
108544
108054
107791
107633
106842
105607
104293
104073
101795
100867
100031
98858
98804
98864
96443
96987
96205
96192
95351
93439
94446
93361
94756
94669
93831
94018
93537
93162
93289
95160
94724
94067
94595
94322
92412
92221
91490
91081
91444
90446
90176
89534
89597
90014
90708
91669
91539
90333
90686
90845
90740
90031
89623
89283
88899
88918
89304
89583
90519
90531
89869
90775
91014
89983
88584
86835
86990
86951
88856
88901
88582
87345
87555
87708
85631
84836
85829
84375
84781
85636
84900
85625
87119
86558
87102
88202
88525
90056
90427
89660
89839
90198
89695
88742
88221
89535
88983
90482
91100
91340
91231
92129
93162
91262
91784
91412
90511
89980
90014
89495
89253
88346
89759
90068
90427
89954
89960
89904
89253
88647
88661
88716
88630
88133
88582
87902
88683
90203
91336
91743
93115
94141
94321
93845
93354
94069
94360
93964
93397
94383
93180
93091
93891
94304
95056
95704
95842
96738
97226
96791
96745
97120
97817
96999
96745
95851
96377
98627
100619
100674
100932
101619
101369
102503
103669
104226
105882
105558
106589
106723
106434
106815
107183
107125
106372
103859
104290
105365
105342
104990
104842
104772
103332
105055
104736
105697
104354
104927
106095
104718
103415
102669
103776
104150
104401
104654
104574
104031
104751
105928
104742
104572
104371
104409
104185
104488
105144
105176
105299
105188
104772
105500
105405
106143
108022
107909
107969
108030
107424
107690
106964
106564
106923
105832
104381
102993
103657
103944
103981
103745
103866
103372
103958
104141
103952
103944
104658
104219
104183
103280
103290
103184
102520
103309
102200
102141
99681
98090
97963
97472
96863
96961
96999
96278
95599
95709
95682
96007
96376
96267
96097
96070
96513
97123
96842
96670
97826
97245
97512
96480
96176
95514
96931
97880
97565
97170
98395
97728
98712
98467
98344
98810
97824
97879
99315
100956
102182
101822
102024
102396
101766
103450
103635
103387
103286
102600
102480
102424
101750
101611
101298
101675
101175
100771
101305
100621
100147
100219
100868
101264
102215
101957
102847
102091
102977
102557
101853
100429
101766
100663
100035
100333
100520
99299
100208
99712
100083
98564
98170
97763
99072
99171
99572
99192
99162
97345
98293
98665
99346
99434
100368
101784
101640
102060
101816
101668
101783
102018
102461
104066
104849
104817
104536
104803
106739
106155
106272
106176
105315
106665
108071
106822
108060
107624
108860
108545
109185
108214
107740
108828
108653
108547
109590
109874
109536
109603
109862
108644
107595
108313
107862
109036
109216
109393
109807
110324
111009
110928
110372
109660
109325
110359
110764
112378
111380
112052
111025
112512
112581
112849
113010
113022
113666
113616
115654
115970
114805
115599
116392
116662
116440
116931
116886
115834
112725
113643
113555
113882
115257
115725
114664
114510
115031
114845
115393
116439
118439
117267
115537
116753
117766
117203
117610
117885
118035
120506
118173
117577
118431
118383
120305
120107
120562
119993
119403
119984
118848
118332
119575
120908
120256
119913
121099
122517
123655
125486
124433
124985
124258
124421
126448
127103
130439
129905
129541
127360
125591
126186
127181
128611
128734
129511
131545
132208
133754
134387
134213
137666
135991
136745
137584
137369
137776
141778
143114
145038
145882
145849
143060
143078
143551
142027
141822
144040
147125
148022
149429
151733
150402
150520
152291
152882
151887
151737
152066
151318
152521
154487
155395
157591
157967
158523
159772
162683
163762
162536
166679
169192
168993
171299
173293
172379
173294
175878
175387
175693
177689
181825
184893
188698
190947
190398
189950
187252
188059
188314
188657
189798
189838
191597
194725
195790
196450
195250
193232
195073
197629
198705
198993
197971
198009
199547
201337
203329
203264
203594
203445
204859
203485
205326
205829
205718
207028
211875
215575
219406
220029
224181
227558
228787
226486
224195
223803
227733
227916
228010
231380
234298
236343
239939
239295
241919
242887
247198
247035
251172
254851
257025
260304
260025
261012
264579
266564
270377
275979
282031
288153
289727
295971
293248
298182
302316
305319
311102
315735
318599
318281
319746
319109
318335
318180
324384
333454
338597
340938
350529
351116
356507
365899
372950
374786
383859
382287
390906
404505
412852
419028
428956
437354
445676
455156
470696
471748
485537
499846
508299
516423
521875
543163
567847
573547
590017
606386
617195
635244
656592
678943
696952
717805
745976
785161
815240
839908
885184
925480
966143
999750
1.05627e+06
1.12696e+06
1.17617e+06
1.23487e+06
1.31525e+06
1.39362e+06
1.49334e+06
1.6091e+06
1.74784e+06
1.87763e+06
2.05549e+06
2.26701e+06
2.54638e+06
2.85043e+06
3.29066e+06
3.8396e+06
4.55054e+06
5.69288e+06
7.4939e+06
1.11963e+07
2.20723e+07
0
