1453
704
493
378
324
268
216
190
182
190
136
139
119
115
100
105
110
80
80
79
71
72
76
57
58
57
56
44
63
49
49
48
48
49
46
37
48
40
33
39
34
46
50
42
31
36
22
32
48
36
26
37
31
27
26
25
25
25
28
24
38
35
21
24
23
20
26
18
27
19
15
33
14
25
27
18
16
24
14
19
25
25
23
25
33
19
18
17
21
24
18
10
19
17
22
20
19
12
18
17
14
28
24
16
21
16
14
20
22
12
20
12
11
17
25
17
7
14
10
10
19
15
19
15
14
21
11
13
8
13
10
13
14
17
16
8
10
14
8
11
10
8
8
16
6
14
7
12
18
7
12
6
9
10
11
6
11
8
10
9
4
10
6
9
6
6
5
15
8
10
8
10
8
6
9
7
3
7
8
6
5
10
6
5
6
6
6
3
3
8
7
3
6
3
6
6
5
6
3
10
10
6
8
5
10
9
7
6
9
3
5
7
5
13
4
2
7
6
3
6
9
9
6
6
8
5
7
5
6
3
5
6
7
2
4
2
5
5
5
10
3
8
2
1
10
7
5
0
5
3
6
10
6
5
6
5
9
4
6
4
4
11
6
3
4
11
7
4
2
5
7
1
2
5
10
3
4
4
5
4
6
5
4
7
5
4
9
5
11
5
7
3
5
9
5
5
3
4
9
7
9
3
1
8
7
4
4
3
5
4
4
4
3
6
2
1
5
4
7
4
3
3
6
4
2
9
3
1
3
4
3
3
4
3
4
6
5
1
4
4
6
6
3
2
6
3
3
5
7
2
2
3
2
5
3
2
5
1
7
5
6
1
6
5
2
5
3
4
3
3
1
6
5
1
6
5
8
6
2
8
5
2
8
5
6
4
4
1
7
10
5
2
7
5
6
3
3
9
7
5
5
6
7
3
5
5
3
4
3
7
2
7
6
8
3
5
6
4
6
3
5
6
4
3
4
4
6
4
7
5
3
8
4
10
9
10
4
3
4
6
4
4
6
8
7
4
2
5
9
8
8
3
6
6
6
4
9
5
4
4
7
2
6
4
3
3
4
3
9
5
3
3
5
6
4
6
6
6
5
9
4
4
8
7
8
5
4
5
6
8
4
10
5
5
5
6
6
5
4
10
11
4
5
2
2
7
5
5
5
4
6
5
6
2
5
6
5
4
6
9
8
6
2
3
3
5
5
7
3
6
5
5
4
4
10
6
5
1
4
4
2
4
3
3
5
5
6
2
5
7
7
7
8
5
5
5
4
5
6
9
6
11
2
4
5
6
5
3
9
6
11
2
8
2
7
3
6
5
8
4
7
1
8
6
5
10
6
11
11
13
11
5
1
9
8
5
6
5
6
6
9
8
8
8
4
5
6
4
6
6
10
4
5
1
3
5
4
5
9
3
2
2
9
7
1
8
4
7
7
2
2
6
9
4
7
3
9
3
3
7
5
8
5
6
4
4
8
6
9
13
9
7
13
5
5
5
5
9
7
5
4
6
3
7
6
11
10
8
3
3
7
5
8
5
7
0
7
12
9
11
8
9
7
11
7
11
13
10
9
6
8
9
13
5
5
9
5
7
7
8
9
10
6
7
7
9
10
8
7
5
7
13
5
6
9
6
7
5
4
9
5
6
4
6
7
4
5
4
12
7
5
6
4
6
8
7
6
7
7
12
14
5
13
10
8
6
6
5
8
9
14
11
10
7
7
14
11
5
6
8
16
7
11
6
15
6
6
3
7
12
5
8
11
4
5
8
5
6
6
7
7
9
5
6
10
3
14
12
8
6
8
4
8
8
6
8
8
11
7
3
8
12
4
6
13
8
5
5
14
14
10
16
9
10
11
6
11
11
11
10
11
10
7
10
18
11
7
9
14
17
10
11
13
11
13
14
9
7
11
14
9
7
16
9
12
17
10
7
14
17
14
16
17
10
21
22
9
10
14
17
14
16
14
21
14
15
15
13
22
24
23
17
18
24
22
15
11
21
9
19
12
18
10
21
19
13
18
22
20
26
18
23
26
24
23
25
14
29
16
28
29
26
26
22
19
20
16
33
24
21
33
28
33
26
15
18
27
21
21
23
30
27
27
30
27
30
24
20
25
23
35
23
17
27
23
27
29
34
34
26
28
38
44
42
37
43
41
35
42
36
39
41
51
41
40
43
45
42
43
53
58
43
39
52
51
50
41
47
59
47
40
53
48
59
79
58
61
70
63
76
63
74
84
84
87
98
113
110
131
127
155
185
209
235
272
334
476
720
1490
0
