26192
29577
31625
26698
26309
23317
23371
25638
25561
26963
25361
26705
27785
28182
28491
30938
28703
31519
31198
30023
29965
31305
31870
29788
28382
29154
30259
31284
30845
31141
29563
30051
31505
31098
31763
34587
34513
35373
36502
37041
36876
37897
37374
36177
33604
30847
31016
30852
29439
28778
26189
24779
24602
25146
25050
26507
27198
25603
24527
23725
23561
22201
22357
23835
23828
23314
23849
24135
24183
24714
23676
24455
24353
24084
23878
24562
24742
24649
24160
22843
23307
22429
22848
23235
24303
24773
25795
25426
23800
23925
22743
23153
23361
22835
21793
22470
23321
21804
21260
20243
20601
19776
19425
19371
20413
20966
20775
21118
20932
22218
22514
23049
23275
23910
23865
23120
24539
24997
24938
25962
26346
25177
24863
24666
25112
25941
25983
25446
26166
26857
26235
24669
24441
24262
24396
25044
24806
26216
25375
23656
24034
23257
22350
22406
22986
22726
23161
23779
23733
22606
22296
22943
22680
23034
22638
21856
22255
22017
21781
21550
21431
21712
21098
21098
20688
20835
20638
20831
20763
20631
20126
20896
21494
22368
22524
22572
22835
23964
25012
26107
26436
26493
26175
26202
26017
25631
25719
24999
24711
25321
25534
25848
25728
26698
26429
26344
26825
26763
27129
28073
27795
28810
28635
28028
27827
27887
28240
28062
28424
28089
27866
28485
28570
28552
28073
27375
27363
26639
26389
25925
25060
25304
25873
25625
25581
25509
25689
24732
24439
24485
24606
23937
23512
22520
22705
22950
23459
23600
24368
25460
25138
25289
25475
25224
24734
24485
24529
24893
25216
25710
25976
26231
26230
25890
25854
26415
26277
26622
26278
26728
26427
26349
26774
27565
27315
27117
26605
26794
26624
26101
25841
25978
26401
26589
27541
28481
28643
28391
29571
30233
30159
30323
30545
30669
30869
30284
30107
29817
30066
30681
30658
30821
30110
30742
31294
31423
31163
31768
32088
32197
32159
32239
31736
31760
31667
31889
31932
31669
30954
30855
31423
31621
32283
32893
33303
33410
33982
33734
33958
34057
34290
34699
34650
35025
35299
35256
35498
35304
35230
34908
34960
34291
33843
34010
33860
32833
33405
33090
33542
33956
32818
33389
33391
34157
34598
34165
34402
34628
35018
35394
36282
36171
36260
36992
37381
37068
37021
36237
36010
36578
36316
36511
36054
36889
37786
38162
38831
38686
37810
38276
38795
39114
38679
37988
37877
37769
37789
38088
38264
38419
38417
37975
37713
37549
37088
36874
35984
36675
37193
37499
37970
37873
37031
37002
36593
35540
35101
35929
35106
35297
36571
36357
37392
38364
38328
39134
40288
40520
41877
41896
41523
41478
41686
41663
41443
40665
41302
41595
42702
43025
43909
44241
44714
44813
44054
44165
43508
42954
42128
41977
41532
41083
40920
42010
41988
41341
41348
41272
41013
40404
39934
40202
40488
40162
39450
39411
39024
39202
39585
39753
39722
39903
39854
39568
40101
39997
40550
40506
40427
40377
40884
40686
40358
40375
39813
40038
40241
40075
40562
41257
40943
40799
41739
42783
42615
42499
42056
42249
43145
43898
44227
44683
44821
45245
45812
46189
46518
47193
47771
48634
48153
47906
48014
48152
48495
47865
46807
47030
47954
47939
47442
47165
47257
46834
47366
46999
47680
47619
47922
48204
47897
47346
47448
48209
48530
48463
49167
49057
49130
49894
50255
49287
48354
48646
49173
49028
49354
49910
49864
49464
49445
48896
49102
49033
49042
49864
49573
49823
49190
48588
48013
47897
48290
48448
47159
46488
45415
45311
44778
44471
44956
45226
45240
44980
44981
45188
45558
45824
46210
45845
45415
45861
46057
45708
46722
46110
45770
44681
44396
44904
45053
45119
44921
44877
44140
43730
43425
43447
43707
43773
43671
43898
44417
45301
46071
46154
45677
46760
46052
46185
45914
45850
45602
46813
47519
47224
46522
47718
46460
46919
46794
46203
46549
46101
47053
48691
50177
50853
50410
49463
49410
48575
49420
49898
50308
51209
51341
51050
51883
51517
51681
51521
51886
52314
52372
52318
51486
51455
51698
51704
52402
52939
52787
53068
52611
52605
52470
52152
51524
52017
52236
52794
53582
53649
53960
54409
53929
54168
52810
52905
53509
54360
54561
55224
55664
55368
54057
55079
55046
55334
55363
56231
56840
56021
55875
55627
55177
55012
54798
55313
56427
56946
57481
57664
58132
59605
59434
59623
59270
58965
60144
61669
60808
62193
61823
61983
62204
62365
61269
61356
62327
62990
63072
64382
64982
64706
64977
65849
66225
65854
66880
66704
67649
68127
68683
69393
70365
70688
71410
70702
70016
69081
68870
68344
70003
69932
71188
70968
71773
70432
70426
70562
69871
70047
69693
70676
70186
69285
69428
70035
69822
69769
70540
70115
69310
67936
69130
69942
70231
71402
71913
72220
72949
73425
74009
74500
75809
77842
76639
75783
76721
77738
77044
76661
77624
78216
80477
78372
78176
79200
79285
80833
80607
80797
79992
79998
81706
80198
80447
80308
80377
80215
80104
81461
82899
83993
85785
85935
87277
87316
87397
88615
89174
92440
91390
91739
90182
88650
89911
91289
92898
93047
94351
95904
95624
97729
99128
99643
103277
102227
103143
104627
103779
103940
106384
107573
108291
108648
108451
107564
107905
109324
108356
108770
110872
113861
115163
117014
119360
117528
117382
118902
119431
117486
116982
117577
118274
118796
119982
120888
123445
123657
123106
124449
126699
127351
126413
129535
130444
129766
131432
134267
133686
134500
136988
136934
136622
139100
141951
144902
148483
150150
150259
150554
148148
148946
149693
150277
151756
151531
153392
157585
158187
158870
158339
156911
158655
160547
162145
161843
160975
160984
162107
164546
165526
164705
164332
165466
166536
165688
167536
168049
168924
170061
174503
178641
183765
184818
187675
190761
193026
191752
189931
189734
193477
193741
194110
197260
198125
200609
203915
203762
206703
207283
210775
210611
214519
219442
221734
224579
226027
226984
233021
236339
240213
247229
252924
259112
260787
267517
263189
269562
274380
278397
284781
290159
292952
294199
295484
295630
294352
294128
300354
308030
312382
314581
321470
321207
328182
336190
341915
344513
354082
355112
364675
377722
385640
392102
400784
410597
416839
426802
441887
444584
456887
472902
482309
492026
496612
519212
543421
549452
563684
582180
595369
612502
633472
657588
674781
695551
724063
763412
794512
820681
867727
908101
946770
981241
1036865
1106105
1152749
1211820
1291322
1370073
1471857
1587035
1724734
1850354
2027805
2238762
2524660
2825612
3270826
3820215
4528215
5663818
7463730
11169879
22029885
0
