10230
10137
10636
10196
9799
9329
9387
9561
10038
10573
10910
11730
11927
12133
12321
12924
12987
13015
13793
14482
14415
14932
15793
15790
15742
15413
15092
14627
14816
14768
14540
15146
14948
15497
15591
15615
15392
16433
17127
17315
17561
17807
18151
17914
18351
18558
18865
18621
18132
17930
18393
18727
19099
19051
19460
20142
20532
21193
22174
22643
23101
23786
24386
24817
25456
25801
27097
28572
29823
31250
32041
33371
33980
35701
37896
39298
41291
42835
45719
47839
50218
52174
55688
59138
63420
67453
72537
78071
84857
95264
107007
119863
136372
157968
186277
232943
309753
462707
931493
0
