24
24
24
24
24
24
25
25
25
25
25
25
25
25
25
25
25
25
26
26
26
26
26
26
26
26
26
26
26
26
26
26
26
26
26
26
26
26
26
26
26
26
26
26
26
26
26
26
26
26
26
26
26
26
26
26
26
26
26
26
26
26
26
26
26
26
26
26
26
26
26
26
26
26
26
26
26
26
26
26
26
26
26
26
26
26
26
26
26
26
26
26
26
26
26
26
26
26
26
26
26
26
26
26
26
26
26
26
26
26
26
26
26
27
27
27
27
27
27
27
27
27
27
27
27
27
27
27
27
27
27
27
27
27
27
27
27
27
27
27
27
27
27
27
27
27
27
27
27
27
27
27
27
27
27
27
27
27
27
27
27
27
27
27
27
28
28
28
28
28
28
28
28
28
28
28
28
28
28
28
28
28
28
28
28
28
28
28
28
28
28
28
28
28
28
28
28
28
28
28
28
28
29
29
29
29
29
29
29
29
29
29
29
29
29
29
30
30
30
30
30
30
30
30
30
30
30
30
30
30
30
30
30
30
30
30
30
30
30
30
30
31
32
32
32
32
32
32
32
32
32
32
32
32
32
32
32
32
32
32
32
32
32
32
32
32
32
32
32
32
32
32
33
33
33
33
33
33
33
33
33
33
33
33
33
33
33
33
33
33
33
33
33
33
33
33
33
34
34
34
34
34
34
34
34
34
34
34
34
34
34
34
34
34
34
34
34
34
34
34
34
34
34
34
35
35
35
35
35
35
35
35
36
36
36
36
36
36
36
36
36
36
36
36
36
36
36
36
36
37
37
37
37
37
37
37
37
37
37
37
37
37
37
37
37
37
37
37
38
38
38
38
38
38
38
38
38
38
38
38
38
38
38
38
38
38
38
38
38
38
38
38
38
38
38
38
38
38
38
38
38
38
38
38
38
38
38
38
38
38
38
38
38
38
38
38
38
38
38
38
38
39
40
40
40
40
40
40
40
40
40
40
40
40
40
40
40
40
40
40
40
40
40
40
40
40
40
40
41
41
41
41
41
41
41
41
41
41
41
41
41
41
41
41
41
41
41
41
41
41
41
41
41
41
41
41
41
41
42
43
43
43
43
43
43
43
43
44
44
44
44
44
44
44
44
45
45
45
45
45
45
45
45
45
45
45
45
45
45
45
45
45
45
45
45
46
46
46
46
46
46
46
46
46
46
46
46
46
46
46
46
46
46
46
46
46
46
46
46
46
46
46
46
46
46
46
46
46
46
46
46
46
46
46
46
46
47
47
47
47
47
47
47
47
47
48
48
49
49
49
49
49
49
49
49
49
49
49
49
49
49
49
49
49
49
49
49
49
49
49
49
49
49
50
50
50
50
50
50
50
51
51
51
51
51
52
52
52
52
53
54
54
54
54
55
55
56
56
56
56
56
56
56
56
57
57
57
57
57
59
59
60
60
61
61
62
62
62
62
62
62
62
63
63
63
63
63
63
63
63
63
63
63
63
63
64
64
64
64
64
64
64
64
64
64
64
64
65
65
65
65
65
65
66
67
67
67
68
69
69
70
71
72
72
72
72
72
72
72
72
72
74
74
74
75
75
75
75
75
75
75
75
75
75
75
75
76
76
78
78
78
78
78
78
78
79
79
79
81
81
83
84
84
84
84
84
84
84
84
85
85
85
86
86
87
87
87
88
88
88
88
90
90
91
91
91
92
92
92
92
94
95
95
95
95
95
96
96
97
97
97
97
97
98
98
98
98
99
99
100
100
100
100
100
100
100
100
100
100
101
101
102
102
102
103
105
105
105
105
105
105
106
107
107
109
109
110
111
111
111
111
111
112
115
115
115
115
116
116
116
117
117
118
121
122
122
124
125
125
126
126
129
129
129
131
132
133
134
135
136
136
137
139
141
141
142
144
144
144
145
146
147
147
148
148
148
148
151
152
153
153
155
155
156
158
158
158
159
160
160
163
164
164
166
168
169
170
173
174
178
179
182
183
183
184
186
191
192
194
195
196
197
197
198
202
205
206
208
210
211
213
215
217
219
223
225
228
228
234
234
237
240
241
247
251
251
253
255
258
260
262
264
270
273
275
275
275
280
285
287
291
296
299
301
303
307
310
313
322
326
328
332
336
341
348
352
356
357
366
368
374
380
383
391
401
408
413
418
427
432
445
455
463
471
483
496
514
529
541
554
565
585
604
615
627
645
667
691
713
729
754
780
806
843
889
925
975
1010
1047
1101
1152
1214
1302
1375
1456
1552
1678
1801
1968
2159
2411
2735
3158
3648
4387
5506
7340
11005
22042
0
