29
30
30
30
30
30
30
31
31
31
31
31
31
32
32
32
32
32
32
32
32
32
32
32
32
32
32
32
32
33
33
33
34
34
34
34
34
34
34
34
34
34
34
34
34
34
34
34
34
34
34
34
34
34
34
34
34
34
34
34
34
34
34
34
34
34
34
34
35
35
36
36
36
36
36
36
36
36
36
37
37
37
37
37
37
38
38
38
39
40
40
40
40
40
40
40
40
41
41
41
41
41
41
41
41
41
41
41
41
41
41
41
41
41
41
41
41
41
41
41
41
41
41
41
41
41
41
41
41
41
41
41
41
41
41
41
41
41
41
41
41
41
41
41
41
41
41
41
41
41
41
41
41
41
42
42
42
42
42
42
42
42
42
42
42
42
42
42
42
42
42
42
42
42
42
42
42
42
42
42
42
42
42
42
42
42
42
42
42
42
42
42
42
42
42
42
42
43
43
43
43
43
43
43
43
43
43
43
43
43
43
43
43
43
43
43
43
43
43
43
43
43
43
43
43
43
43
43
43
43
43
43
43
43
43
44
44
44
44
44
44
44
45
45
45
45
45
45
45
45
45
45
45
45
45
45
45
45
45
45
45
45
45
45
45
45
45
45
45
45
45
45
45
45
45
45
45
45
45
45
45
45
45
45
45
45
46
46
46
46
47
47
47
47
47
47
48
48
48
48
48
48
48
48
48
48
48
48
48
48
48
48
49
49
49
49
49
49
49
49
49
49
49
50
50
50
50
50
50
50
50
50
50
50
50
51
51
51
51
51
51
51
51
51
51
51
51
51
51
52
53
53
53
53
53
53
53
53
53
53
53
53
53
53
53
53
53
53
53
53
53
53
53
53
53
53
53
53
53
53
53
53
53
53
53
53
53
53
53
53
53
53
54
54
54
54
54
54
54
54
54
54
54
54
54
54
55
55
55
56
56
57
57
57
57
57
57
57
57
57
57
57
57
57
57
57
57
57
57
58
58
58
58
58
58
58
58
58
58
58
58
58
58
59
59
59
60
60
60
60
60
60
60
60
61
61
61
61
61
61
61
61
61
62
62
62
62
63
63
63
63
63
63
63
63
63
63
63
63
63
63
64
64
64
64
64
64
64
64
64
64
64
64
64
64
64
64
64
65
65
65
65
65
65
65
66
66
66
66
66
66
66
66
66
67
67
67
67
67
67
67
67
67
67
67
67
67
67
67
67
67
67
67
67
67
67
68
68
68
68
68
68
69
69
70
71
71
71
71
71
71
71
71
71
71
71
71
71
71
72
72
72
73
74
74
75
75
75
75
75
75
75
75
75
76
76
76
76
76
76
76
76
76
76
76
76
76
76
76
76
76
76
76
76
76
77
77
78
78
79
80
80
80
81
81
81
81
82
82
82
83
83
83
83
83
83
83
83
83
83
83
83
83
84
84
85
85
85
85
86
86
87
87
88
89
89
89
89
89
89
89
89
89
89
90
90
90
90
90
90
91
91
92
92
92
92
92
92
92
93
93
93
93
94
94
94
95
95
95
95
95
95
95
95
95
96
96
96
97
98
98
98
98
99
99
99
99
101
101
101
102
102
102
102
102
102
102
102
102
102
102
103
103
104
104
105
106
106
106
106
106
106
106
106
106
106
106
106
106
107
107
107
107
108
108
110
110
110
111
111
111
111
111
111
111
111
112
113
113
113
113
113
113
113
113
113
114
114
115
115
115
116
117
117
117
117
117
117
117
117
117
117
117
117
121
121
122
122
122
122
123
123
123
124
124
124
125
126
127
127
127
127
127
127
128
129
131
131
131
132
132
132
132
132
132
132
132
132
132
132
132
133
133
133
134
135
137
138
139
140
141
141
143
143
143
145
146
146
146
147
147
148
148
149
149
149
149
150
154
154
154
154
154
155
157
157
158
160
160
160
161
162
162
163
163
164
164
164
164
166
166
166
166
167
167
168
169
170
173
175
177
177
178
180
181
182
182
182
183
184
184
186
191
193
193
193
194
194
199
199
200
204
205
206
208
210
212
213
215
216
217
218
220
220
223
225
225
225
227
228
229
232
234
236
237
239
244
248
251
252
252
257
261
261
264
266
270
274
280
286
289
289
295
296
298
302
306
312
316
321
322
327
330
332
336
339
342
344
345
349
354
360
365
369
376
382
387
392
396
399
407
409
416
422
430
435
444
452
461
472
479
488
496
507
523
539
553
569
590
607
630
646
669
685
708
734
757
798
826
870
922
981
1047
1111
1182
1260
1355
1459
1605
1753
1933
2200
2481
2844
3337
4167
5556
8386
16821
0
