793
706
451
751
925
1135
1946
2040
1637
2714
1961
1576
1238
690
757
528
478
635
389
156
129
59
89
118
176
37
39
3
33
11
13
259
190
112
160
137
86
30
68
89
47
70
198
135
125
239
244
263
221
203
223
168
140
192
153
251
343
437
234
146
211
205
162
225
237
199
205
71
53
74
157
204
81
124
117
204
267
160
223
332
347
409
466
470
376
325
196
238
124
124
187
215
173
203
249
90
164
157
94
107
62
83
21
41
35
26
2
3
3
19
24
22
24
18
61
73
106
74
69
83
124
152
143
153
155
242
154
122
104
58
43
23
77
96
114
131
81
154
93
140
93
128
143
166
129
122
141
157
238
197
163
176
187
153
157
146
75
39
73
97
84
93
47
39
33
59
54
37
48
76
98
115
140
101
89
54
64
53
42
11
14
35
48
30
29
13
25
6
7
1
7
17
9
15
11
13
38
25
31
65
46
48
32
30
18
27
45
28
30
35
29
17
48
55
46
37
40
46
10
5
15
3
3
14
7
15
46
74
80
95
83
91
89
63
30
16
32
34
28
13
5
1
4
1
2
8
1
5
10
8
20
13
6
4
3
7
6
1
6
5
1
9
17
17
9
3
3
11
1
2
3
3
2
21
18
20
42
29
30
19
18
56
56
57
48
64
76
77
85
116
208
228
225
170
165
212
210
166
141
107
116
119
157
144
163
202
232
291
219
190
267
260
343
320
366
305
285
304
244
268
275
340
307
353
333
319
329
320
331
351
286
275
205
188
198
216
183
217
220
258
281
310
423
428
420
443
479
578
517
560
458
434
294
277
271
195
185
241
255
361
348
349
372
391
392
395
463
432
461
555
564
633
566
688
652
603
562
579
519
614
526
478
425
428
487
565
649
760
808
789
753
675
553
540
622
605
597
489
511
626
688
612
695
626
619
490
452
417
424
428
448
427
381
372
330
432
431
459
446
510
576
740
768
827
852
985
975
912
891
929
815
767
737
697
606
549
486
515
578
566
532
566
644
626
615
634
606
504
450
497
540
570
555
600
641
497
498
540
493
595
601
614
685
700
667
650
629
619
645
691
674
604
530
609
669
668
770
821
836
963
1052
1150
1085
1035
954
884
877
814
813
885
860
879
888
865
958
915
817
749
721
730
737
743
640
559
516
541
543
609
654
664
594
669
819
964
1041
1030
985
1027
1001
1051
1086
1077
994
1061
1066
1102
1137
1155
1092
933
855
837
830
733
717
717
774
802
750
663
674
639
641
641
666
782
800
819
793
797
877
802
778
882
911
829
738
736
723
740
718
720
718
730
794
822
798
841
856
826
769
761
813
902
855
963
888
860
922
941
1075
1081
1061
1078
1035
997
1031
1085
984
941
853
836
852
1018
966
911
948
945
981
1014
1115
1193
1220
1173
1191
1207
1214
1171
1072
1099
1121
1068
1151
1075
1054
987
1014
1113
1041
1301
1234
1227
1271
1262
1292
1351
1475
1292
1230
1292
1221
1140
1172
1282
1276
1294
1252
1207
1287
1150
1264
1353
1291
1371
1374
1290
1237
1271
1296
1388
1568
1713
1731
1746
1665
1614
1702
1699
1814
1900
1711
1701
1700
1810
1885
1873
1801
1599
1552
1490
1496
1314
1356
1421
1553
1475
1386
1409
1330
1310
1256
1252
1172
1225
1298
1309
1325
1408
1452
1390
1254
1231
1036
1056
1088
961
979
962
885
858
916
924
945
898
874
975
940
997
978
974
775
694
693
779
896
755
746
779
854
740
715
844
847
800
718
790
844
766
650
764
720
783
761
821
804
1048
1140
1181
1063
1135
1068
1037
950
1059
1168
1128
1151
1124
976
966
1113
1286
1387
1418
1543
1568
1418
1236
1194
1221
1276
1309
1301
1238
1153
1283
1412
1378
1458
1397
1382
1243
1198
1340
1393
1409
1401
1104
1054
1101
1013
1125
1068
1008
1003
974
859
763
821
694
867
892
831
773
831
901
900
869
892
712
791
820
815
783
789
810
923
863
752
663
928
882
809
779
825
909
914
908
1007
883
904
731
715
797
868
827
792
684
603
645
645
557
659
931
821
931
849
951
1119
1114
1278
1269
1149
1051
990
964
1052
1076
1051
1288
1188
1170
1168
1153
1295
1195
1253
1328
1238
1139
1266
1276
1068
1140
1226
1175
1145
1091
1146
1266
1101
1335
1185
1106
1054
1112
1385
1377
1499
1520
1596
1654
1877
1838
1756
1689
1643
1680
1495
1526
1796
1723
1686
1795
1879
1989
2023
2343
2390
2141
2312
2621
2700
2764
2864
3046
2921
3501
3253
3433
3634
3688
4016
3667
3880
3933
4122
4017
3700
4362
4207
4454
4550
4548
5039
4854
5094
4720
4335
4341
4765
4951
4854
5307
5223
5280
5343
5714
5762
6171
5814
6149
5984
6041
6651
6216
6475
7077
7502
6939
7302
7394
7081
6925
6397
5942
5673
6122
7062
6666
6572
7077
7297
7374
7982
8516
9056
8321
8418
9344
9718
10372
12138
12764
12337
14313
13228
12862
12214
12088
15440
16235
17984
17766
20492
22738
22578
23720
24532
25335
28925
34420
38808
46186
60550
83224
115124
193128
405497
0
